"abs_error_vol_15min","abs_error_vol_30min","abs_error_vol_45min","abs_error_vol_60min","abs_error_vol_75min","abs_error_vol_90min","abs_error_vol_105min","abs_error_vol_120min","rel_error_vol_15min","rel_error_vol_30min","rel_error_vol_45min","rel_error_vol_60min","rel_error_vol_75min","rel_error_vol_90min","rel_error_vol_105min","rel_error_vol_120min"
3.714285714286,0.714285714286,4.714285714286,1.714285714286,3.714285714286,0.714285714286,3.714285714286,5.714285714286,1300.0000000014,250.00000000035,1650.00000000175,600.0000000007,1300.0000000014,250.00000000035,1300.0000000014,2000.0000000021
3.733333333333,0.733333333333,1.733333333333,2.733333333333,0.733333333333,1.733333333333,5.733333333333,1.733333333333,1399.99999999812,274.999999999531,649.999999999062,1024.99999999859,274.999999999531,649.999999999062,2149.99999999719,649.999999999062
12.733333333333,8.733333333333,3.733333333333,6.733333333333,2.733333333333,2.733333333333,3.733333333333,7.733333333333,4774.99999999391,3274.99999999578,1399.99999999812,2524.99999999672,1024.99999999859,1024.99999999859,1399.99999999812,2899.99999999625
1.733333333333,0.733333333333,1.733333333333,3.733333333333,1.733333333333,7.733333333333,2.733333333333,3.733333333333,649.999999999062,274.999999999531,649.999999999062,1399.99999999812,649.999999999062,2899.99999999625,1024.99999999859,1399.99999999812
5.6,2.6,4.6,3.6,1.6,1.6,0.6,2.6,1400,650,1150,900,400,400,150,650
4.6,1.6,2.6,0.6,3.6,2.6,0.6,3.6,1150,400,650,150,900,650,150,900
2.6,10.6,2.6,3.6,5.6,4.6,4.6,7.6,650,2650,650,900,1400,1150,1150,1900
0.866666666667,-0.133333333333,5.866666666667,2.866666666667,4.866666666667,2.866666666667,3.866666666667,4.866666666667,650.000000001875,-100,4400.00000001125,2150.00000000563,3650.00000000938,2150.00000000563,2900.0000000075,3650.00000000938
2.866666666667,4.866666666667,6.866666666667,4.866666666667,3.866666666667,4.866666666667,0.866666666667,4.866666666667,2150.00000000563,3650.00000000938,5150.00000001313,3650.00000000938,2900.0000000075,3650.00000000938,650.000000001875,3650.00000000938
4.866666666667,2.866666666667,1.866666666667,0.866666666667,1.866666666667,7.866666666667,2.866666666667,-0.133333333333,3650.00000000938,2150.00000000563,1400.00000000375,650.000000001875,1400.00000000375,5900.000000015,2150.00000000563,-100
8.6,2.6,4.6,-0.4,2.6,7.6,5.6,7.6,2150,650,1150,-100,650,1900,1400,1900
3.6,3.6,2.6,3.6,4.6,4.6,3.6,4.6,900,900,650,900,1150,1150,900,1150
4.6,-0.4,-0.4,3.6,4.6,1.6,0.6,1.6,1150,-100,-100,900,1150,400,150,400
1.6,3.6,2.6,1.6,-0.4,3.6,0.6,4.6,400,900,650,400,-100,900,150,1150
4.6,5.6,3.6,4.6,4.6,4.6,9.6,6.6,1150,1400,900,1150,1150,1150,2400,1650
2.6,2.6,1.6,1.6,2.6,5.6,2.6,2.6,650,650,400,400,650,1400,650,650
2.6,1.6,2.6,1.6,5.6,3.6,1.6,1.6,650,400,650,400,1400,900,400,400
0.333333333333,2.333333333333,1.333333333333,3.333333333333,5.333333333333,2.333333333333,-0.666666666667,0.333333333333,49.999999999925,349.999999999775,199.99999999985,499.9999999997,799.99999999955,349.999999999775,-100,49.999999999925
0.333333333333,5.333333333333,2.333333333333,7.333333333333,5.333333333333,1.333333333333,4.333333333333,3.333333333333,49.999999999925,799.99999999955,349.999999999775,1099.9999999994,799.99999999955,199.99999999985,649.999999999625,499.9999999997
1.466666666667,3.466666666667,1.466666666667,3.466666666667,4.466666666667,1.466666666667,1.466666666667,3.466666666667,275.000000000234,650.000000000469,275.000000000234,650.000000000469,837.500000000586,275.000000000234,275.000000000234,650.000000000469
2.466666666667,1.466666666667,0.466666666667,0.466666666667,0.466666666667,1.466666666667,1.466666666667,2.466666666667,462.500000000352,275.000000000234,87.5000000001172,87.5000000001172,87.5000000001172,275.000000000234,275.000000000234,462.500000000352
0.466666666667,1.466666666667,2.466666666667,0.466666666667,0.466666666667,2.466666666667,0.466666666667,3.466666666667,87.5000000001172,275.000000000234,462.500000000352,87.5000000001172,87.5000000001172,462.500000000352,87.5000000001172,650.000000000469
6.2,3.2,2.2,1.2,2.2,2.2,5.2,1.2,775,400,275,150,275,275,650,150
1.66666666667,5.66666666667,1.66666666667,1.66666666667,-1.33333333333,1.66666666667,0.66666666667,0.66666666667,125.000000000563,425.000000001313,125.000000000563,125.000000000563,-100,125.000000000563,50.000000000375,50.000000000375
0.66666666667,0.66666666667,2.66666666667,-0.33333333333,0.66666666667,-0.33333333333,-1.33333333333,3.66666666667,50.000000000375,50.000000000375,200.00000000075,-24.9999999998125,50.000000000375,-24.9999999998125,-100,275.000000000938
0.93333333333,-0.06666666667,1.93333333333,1.93333333333,2.93333333333,0.93333333333,3.93333333333,0.93333333333,87.4999999994141,-6.25000000029297,181.249999999121,181.249999999121,274.999999998828,87.4999999994141,368.749999998535,87.4999999994141
2.53333333333,0.53333333333,0.53333333333,1.53333333333,3.53333333333,0.53333333333,2.53333333333,0.53333333333,172.727272726653,36.3636363633265,36.3636363633265,104.54545454499,240.909090908316,36.3636363633265,172.727272726653,36.3636363633265
3.53333333333,0.53333333333,0.53333333333,0.53333333333,1.53333333333,0.53333333333,0.53333333333,1.53333333333,240.909090908316,36.3636363633265,36.3636363633265,36.3636363633265,104.54545454499,36.3636363633265,36.3636363633265,104.54545454499
0.53333333333,0.53333333333,-1.46666666667,1.53333333333,-0.46666666667,-1.46666666667,-1.46666666667,3.53333333333,36.3636363633265,36.3636363633265,-100,104.54545454499,-31.8181818183368,-100,-100,240.909090908316
3.53333333333,-0.46666666667,0.53333333333,1.53333333333,-0.46666666667,0.53333333333,0.53333333333,2.53333333333,240.909090908316,-31.8181818183368,36.3636363633265,104.54545454499,-31.8181818183368,36.3636363633265,36.3636363633265,172.727272726653
0.53333333333,1.53333333333,2.53333333333,0.53333333333,2.53333333333,-0.46666666667,-1.46666666667,3.53333333333,36.3636363633265,104.54545454499,172.727272726653,36.3636363633265,172.727272726653,-31.8181818183368,-100,240.909090908316
1.53333333333,0.53333333333,2.53333333333,-1.46666666667,3.53333333333,0.53333333333,1.53333333333,-0.46666666667,104.54545454499,36.3636363633265,172.727272726653,-100,240.909090908316,36.3636363633265,104.54545454499,-31.8181818183368
1.53333333333,0.53333333333,1.53333333333,-1.46666666667,0.53333333333,-0.46666666667,1.53333333333,2.53333333333,104.54545454499,36.3636363633265,104.54545454499,-100,36.3636363633265,-31.8181818183368,104.54545454499,172.727272726653
0.53333333333,1.53333333333,0.53333333333,-0.46666666667,-1.46666666667,1.53333333333,-1.46666666667,-0.46666666667,36.3636363633265,104.54545454499,36.3636363633265,-31.8181818183368,-100,104.54545454499,-100,-31.8181818183368
0.53333333333,3.53333333333,2.53333333333,0.53333333333,1.53333333333,0.53333333333,3.53333333333,-0.46666666667,36.3636363633265,240.909090908316,172.727272726653,36.3636363633265,104.54545454499,36.3636363633265,240.909090908316,-31.8181818183368
2.53333333333,-0.46666666667,-0.46666666667,2.53333333333,0.53333333333,2.53333333333,1.53333333333,-0.46666666667,172.727272726653,-31.8181818183368,-31.8181818183368,172.727272726653,36.3636363633265,172.727272726653,104.54545454499,-31.8181818183368
0.53333333333,-0.46666666667,0.53333333333,-0.46666666667,2.53333333333,-1.46666666667,1.53333333333,3.53333333333,36.3636363633265,-31.8181818183368,36.3636363633265,-31.8181818183368,172.727272726653,-100,104.54545454499,240.909090908316
0.8,-0.2,0.8,1.8,2.8,0.8,2.8,1.8,66.6666666666667,-16.6666666666667,66.6666666666667,150,233.333333333333,66.6666666666667,233.333333333333,150
1.066666666667,2.066666666667,2.066666666667,3.066666666667,2.066666666667,3.066666666667,1.066666666667,1.066666666667,114.285714285791,221.428571428686,221.428571428686,328.571428571582,221.428571428686,328.571428571582,114.285714285791,114.285714285791
0.0666666666670001,1.066666666667,0.0666666666670001,1.066666666667,0.0666666666670001,1.066666666667,3.066666666667,0.0666666666670001,7.14285714289541,114.285714285791,7.14285714289541,114.285714285791,7.14285714289541,114.285714285791,328.571428571582,7.14285714289541
0.93333333333,1.93333333333,0.93333333333,1.93333333333,-0.06666666667,3.93333333333,0.93333333333,3.93333333333,87.4999999994141,181.249999999121,87.4999999994141,181.249999999121,-6.25000000029297,368.749999998535,87.4999999994141,368.749999998535
0.333333333333,1.333333333333,1.333333333333,1.333333333333,0.333333333333,0.333333333333,0.333333333333,2.333333333333,49.999999999925,199.99999999985,199.99999999985,199.99999999985,49.999999999925,49.999999999925,49.999999999925,349.999999999775
4.066666666667,6.066666666667,4.066666666667,0.0666666666670001,6.066666666667,4.066666666667,1.066666666667,2.066666666667,435.714285714477,650.000000000268,435.714285714477,7.14285714289541,650.000000000268,435.714285714477,114.285714285791,221.428571428686
1.066666666667,2.066666666667,4.066666666667,0.0666666666670001,2.066666666667,0.0666666666670001,3.066666666667,4.066666666667,114.285714285791,221.428571428686,435.714285714477,7.14285714289541,221.428571428686,7.14285714289541,328.571428571582,435.714285714477
2.066666666667,-0.933333333333,-0.933333333333,1.066666666667,0.0666666666670001,1.066666666667,1.066666666667,1.066666666667,221.428571428686,-100,-100,114.285714285791,7.14285714289541,114.285714285791,114.285714285791,114.285714285791
4.066666666667,0.0666666666670001,0.0666666666670001,1.066666666667,1.066666666667,2.066666666667,1.066666666667,1.066666666667,435.714285714477,7.14285714289541,7.14285714289541,114.285714285791,114.285714285791,221.428571428686,114.285714285791,114.285714285791
-0.933333333333,1.066666666667,3.066666666667,3.066666666667,2.066666666667,3.066666666667,2.066666666667,3.066666666667,-100,114.285714285791,328.571428571582,328.571428571582,221.428571428686,328.571428571582,221.428571428686,328.571428571582
3.333333333333,3.333333333333,1.333333333333,1.333333333333,1.333333333333,0.333333333333,2.333333333333,-0.666666666667,499.9999999997,499.9999999997,199.99999999985,199.99999999985,199.99999999985,49.999999999925,349.999999999775,-100
0.333333333333,3.333333333333,2.333333333333,1.333333333333,0.333333333333,4.333333333333,-0.666666666667,-0.666666666667,49.999999999925,499.9999999997,349.999999999775,199.99999999985,49.999999999925,649.999999999625,-100,-100
-0.666666666667,1.333333333333,0.333333333333,1.333333333333,1.333333333333,1.333333333333,1.333333333333,2.333333333333,-100,199.99999999985,49.999999999925,199.99999999985,199.99999999985,199.99999999985,199.99999999985,349.999999999775
4.333333333333,-0.666666666667,2.333333333333,2.333333333333,3.333333333333,0.333333333333,1.333333333333,1.333333333333,649.999999999625,-100,349.999999999775,349.999999999775,499.9999999997,49.999999999925,199.99999999985,199.99999999985
2.333333333333,0.333333333333,2.333333333333,2.333333333333,-0.666666666667,0.333333333333,2.333333333333,0.333333333333,349.999999999775,49.999999999925,349.999999999775,349.999999999775,-100,49.999999999925,349.999999999775,49.999999999925
0.333333333333,2.333333333333,0.333333333333,0.333333333333,3.333333333333,1.333333333333,0.333333333333,0.333333333333,49.999999999925,349.999999999775,49.999999999925,49.999999999925,499.9999999997,199.99999999985,49.999999999925,49.999999999925
1.6,2.6,2.6,3.6,-0.4,3.6,0.6,1.6,400,650,650,900,-100,900,150,400
2.6,1.6,5.6,1.6,6.6,3.6,3.6,1.6,650,400,1400,400,1650,900,900,400
-0.266666666667,0.733333333333,1.733333333333,2.733333333333,1.733333333333,2.733333333333,4.733333333333,2.733333333333,-100,274.999999999531,649.999999999062,1024.99999999859,649.999999999062,1024.99999999859,1774.99999999766,1024.99999999859
0.733333333333,2.733333333333,2.733333333333,0.733333333333,4.733333333333,-0.266666666667,4.733333333333,1.733333333333,274.999999999531,1024.99999999859,1024.99999999859,274.999999999531,1774.99999999766,-100,1774.99999999766,649.999999999062
1.866666666667,2.866666666667,0.866666666667,0.866666666667,-0.133333333333,0.866666666667,1.866666666667,1.866666666667,1400.00000000375,2150.00000000563,650.000000001875,650.000000001875,-100,650.000000001875,1400.00000000375,1400.00000000375
4.857142857143,2.857142857143,3.857142857143,4.857142857143,0.857142857143,2.857142857143,4.857142857143,3.857142857143,3400.0000000035,2000.0000000021,2700.0000000028,3400.0000000035,600.0000000007,2000.0000000021,3400.0000000035,2700.0000000028
2.866666666667,6.866666666667,0.866666666667,0.866666666667,1.866666666667,3.866666666667,2.866666666667,6.866666666667,2150.00000000563,5150.00000001313,650.000000001875,650.000000001875,1400.00000000375,2900.0000000075,2150.00000000563,5150.00000001313
0.857142857143,2.857142857143,-0.142857142857,2.857142857143,0.857142857143,1.857142857143,-0.142857142857,0.857142857143,600.0000000007,2000.0000000021,-100,2000.0000000021,600.0000000007,1300.0000000014,-100,600.0000000007
2.857142857143,-0.142857142857,2.857142857143,1.857142857143,2.857142857143,1.857142857143,-0.142857142857,2.857142857143,2000.0000000021,-100,2000.0000000021,1300.0000000014,2000.0000000021,1300.0000000014,-100,2000.0000000021
1.866666666667,0.866666666667,2.866666666667,3.866666666667,2.866666666667,5.866666666667,4.866666666667,1.866666666667,1400.00000000375,650.000000001875,2150.00000000563,2900.0000000075,2150.00000000563,4400.00000001125,3650.00000000938,1400.00000000375
0.866666666667,2.866666666667,3.866666666667,2.866666666667,1.866666666667,-0.133333333333,0.866666666667,2.866666666667,650.000000001875,2150.00000000563,2900.0000000075,2150.00000000563,1400.00000000375,-100,650.000000001875,2150.00000000563
2.866666666667,0.866666666667,1.866666666667,0.866666666667,-0.133333333333,2.866666666667,1.866666666667,3.866666666667,2150.00000000563,650.000000001875,1400.00000000375,650.000000001875,-100,2150.00000000563,1400.00000000375,2900.0000000075
1.866666666667,-0.133333333333,2.866666666667,2.866666666667,4.866666666667,0.866666666667,3.866666666667,3.866666666667,1400.00000000375,-100,2150.00000000563,2150.00000000563,3650.00000000938,650.000000001875,2900.0000000075,2900.0000000075
1.866666666667,4.866666666667,3.866666666667,2.866666666667,0.866666666667,2.866666666667,2.866666666667,1.866666666667,1400.00000000375,3650.00000000938,2900.0000000075,2150.00000000563,650.000000001875,2150.00000000563,2150.00000000563,1400.00000000375
2.866666666667,0.866666666667,-0.133333333333,2.866666666667,0.866666666667,3.866666666667,4.866666666667,0.866666666667,2150.00000000563,650.000000001875,-100,2150.00000000563,650.000000001875,2900.0000000075,3650.00000000938,650.000000001875
3.866666666667,0.866666666667,1.866666666667,-0.133333333333,2.866666666667,1.866666666667,1.866666666667,1.866666666667,2900.0000000075,650.000000001875,1400.00000000375,-100,2150.00000000563,1400.00000000375,1400.00000000375,1400.00000000375
0.6,0.6,1.6,2.6,-0.4,1.6,0.6,2.6,150,150,400,650,-100,400,150,650
5.6,0.6,2.6,2.6,3.6,3.6,2.6,3.6,1400,150,650,650,900,900,650,900
2.6,1.6,-0.4,1.6,2.6,3.6,1.6,2.6,650,400,-100,400,650,900,400,650
3.466666666667,1.466666666667,0.466666666667,0.466666666667,1.466666666667,2.466666666667,0.466666666667,0.466666666667,650.000000000469,275.000000000234,87.5000000001172,87.5000000001172,275.000000000234,462.500000000352,87.5000000001172,87.5000000001172
3.466666666667,2.466666666667,0.466666666667,-0.533333333333,2.466666666667,1.466666666667,0.466666666667,-0.533333333333,650.000000000469,462.500000000352,87.5000000001172,-100,462.500000000352,275.000000000234,87.5000000001172,-100
1.466666666667,1.466666666667,2.466666666667,1.466666666667,2.466666666667,2.466666666667,0.466666666667,6.466666666667,275.000000000234,275.000000000234,462.500000000352,275.000000000234,462.500000000352,462.500000000352,87.5000000001172,1212.50000000082
2.466666666667,1.466666666667,2.466666666667,0.466666666667,2.466666666667,1.466666666667,0.466666666667,-0.533333333333,462.500000000352,275.000000000234,462.500000000352,87.5000000001172,462.500000000352,275.000000000234,87.5000000001172,-100
0.466666666667,-0.533333333333,-0.533333333333,0.466666666667,-0.533333333333,-0.533333333333,1.466666666667,1.466666666667,87.5000000001172,-100,-100,87.5000000001172,-100,-100,275.000000000234,275.000000000234
1.466666666667,1.466666666667,1.466666666667,0.466666666667,-0.533333333333,1.466666666667,-0.533333333333,-0.533333333333,275.000000000234,275.000000000234,275.000000000234,87.5000000001172,-100,275.000000000234,-100,-100
1.466666666667,1.466666666667,0.466666666667,1.466666666667,3.466666666667,0.466666666667,1.466666666667,0.466666666667,275.000000000234,275.000000000234,87.5000000001172,275.000000000234,650.000000000469,87.5000000001172,275.000000000234,87.5000000001172
1.466666666667,-0.533333333333,-0.533333333333,1.466666666667,1.466666666667,0.466666666667,1.466666666667,0.466666666667,275.000000000234,-100,-100,275.000000000234,275.000000000234,87.5000000001172,275.000000000234,87.5000000001172
0.466666666667,1.466666666667,1.466666666667,0.466666666667,1.466666666667,0.466666666667,1.466666666667,-0.533333333333,87.5000000001172,275.000000000234,275.000000000234,87.5000000001172,275.000000000234,87.5000000001172,275.000000000234,-100
2.466666666667,2.466666666667,-0.533333333333,1.466666666667,0.466666666667,0.466666666667,0.466666666667,0.466666666667,462.500000000352,462.500000000352,-100,275.000000000234,87.5000000001172,87.5000000001172,87.5000000001172,87.5000000001172
3.466666666667,0.466666666667,1.466666666667,3.466666666667,-0.533333333333,0.466666666667,2.466666666667,2.466666666667,650.000000000469,87.5000000001172,275.000000000234,650.000000000469,-100,87.5000000001172,462.500000000352,462.500000000352
1.466666666667,1.466666666667,-0.533333333333,2.466666666667,2.466666666667,0.466666666667,-0.533333333333,0.466666666667,275.000000000234,275.000000000234,-100,462.500000000352,462.500000000352,87.5000000001172,-100,87.5000000001172
1.733333333333,0.733333333333,1.733333333333,2.733333333333,3.733333333333,-0.266666666667,0.733333333333,-0.266666666667,649.999999999062,274.999999999531,649.999999999062,1024.99999999859,1399.99999999812,-100,274.999999999531,-100
2.733333333333,0.733333333333,2.733333333333,1.733333333333,1.733333333333,1.733333333333,1.733333333333,0.733333333333,1024.99999999859,274.999999999531,1024.99999999859,649.999999999062,649.999999999062,649.999999999062,649.999999999062,274.999999999531
2.733333333333,0.733333333333,0.733333333333,0.733333333333,1.733333333333,4.733333333333,0.733333333333,1.733333333333,1024.99999999859,274.999999999531,274.999999999531,274.999999999531,649.999999999062,1774.99999999766,274.999999999531,649.999999999062
1,2,0,2,2,2,2,1,Inf,Inf,NA,Inf,Inf,Inf,Inf,Inf
1,0,1,3,2,3,0,2,Inf,NA,Inf,Inf,Inf,Inf,NA,Inf
1,1,1,0,1,2,0,1,Inf,Inf,Inf,NA,Inf,Inf,NA,Inf
3,1,3,3,4,3,3,4,Inf,Inf,Inf,Inf,Inf,Inf,Inf,Inf
2,4,3,4,2,0,2,2,Inf,Inf,Inf,Inf,Inf,NA,Inf,Inf
1,3,4,1,0,1,1,3,Inf,Inf,Inf,Inf,NA,Inf,Inf,Inf
1,1,2,2,0,1,1,2,Inf,Inf,Inf,Inf,NA,Inf,Inf,Inf
3,2,2,2,3,3,2,0,Inf,Inf,Inf,Inf,Inf,Inf,Inf,NA
1,0,1,0,3,3,1,0,Inf,NA,Inf,NA,Inf,Inf,Inf,NA
1,3,1,3,3,1,0,3,Inf,Inf,Inf,Inf,Inf,Inf,NA,Inf
-0.266666666667,1.733333333333,3.733333333333,0.733333333333,0.733333333333,0.733333333333,1.733333333333,2.733333333333,-100,649.999999999062,1399.99999999812,274.999999999531,274.999999999531,274.999999999531,649.999999999062,1024.99999999859
1.733333333333,1.733333333333,1.733333333333,1.733333333333,3.733333333333,2.733333333333,0.733333333333,4.733333333333,649.999999999062,649.999999999062,649.999999999062,649.999999999062,1399.99999999812,1024.99999999859,274.999999999531,1774.99999999766
2.733333333333,3.733333333333,3.733333333333,0.733333333333,1.733333333333,0.733333333333,1.733333333333,0.733333333333,1024.99999999859,1399.99999999812,1399.99999999812,274.999999999531,649.999999999062,274.999999999531,649.999999999062,274.999999999531
1.733333333333,0.733333333333,0.733333333333,1.733333333333,1.733333333333,0.733333333333,0.733333333333,0.733333333333,649.999999999062,274.999999999531,274.999999999531,649.999999999062,649.999999999062,274.999999999531,274.999999999531,274.999999999531
0.733333333333,0.733333333333,1.733333333333,-0.266666666667,6.733333333333,1.733333333333,-0.266666666667,-0.266666666667,274.999999999531,274.999999999531,649.999999999062,-100,2524.99999999672,649.999999999062,-100,-100
2.733333333333,0.733333333333,1.733333333333,3.733333333333,1.733333333333,1.733333333333,2.733333333333,0.733333333333,1024.99999999859,274.999999999531,649.999999999062,1399.99999999812,649.999999999062,649.999999999062,1024.99999999859,274.999999999531
0.466666666667,0.466666666667,-0.533333333333,1.466666666667,0.466666666667,0.466666666667,1.466666666667,-0.533333333333,87.5000000001172,87.5000000001172,-100,275.000000000234,87.5000000001172,87.5000000001172,275.000000000234,-100
1.466666666667,0.466666666667,1.466666666667,3.466666666667,0.466666666667,0.466666666667,1.466666666667,3.466666666667,275.000000000234,87.5000000001172,275.000000000234,650.000000000469,87.5000000001172,87.5000000001172,275.000000000234,650.000000000469
-0.533333333333,0.466666666667,-0.533333333333,-0.533333333333,-0.533333333333,-0.533333333333,3.466666666667,-0.533333333333,-100,87.5000000001172,-100,-100,-100,-100,650.000000000469,-100
4.466666666667,2.466666666667,1.466666666667,5.466666666667,3.466666666667,2.466666666667,3.466666666667,3.466666666667,837.500000000586,462.500000000352,275.000000000234,1025.0000000007,650.000000000469,462.500000000352,650.000000000469,650.000000000469
2.466666666667,1.466666666667,-0.533333333333,0.466666666667,2.466666666667,1.466666666667,1.466666666667,2.466666666667,462.500000000352,275.000000000234,-100,87.5000000001172,462.500000000352,275.000000000234,275.000000000234,462.500000000352
0.466666666667,-0.533333333333,1.466666666667,1.466666666667,1.466666666667,0.466666666667,2.466666666667,3.466666666667,87.5000000001172,-100,275.000000000234,275.000000000234,275.000000000234,87.5000000001172,462.500000000352,650.000000000469
0.466666666667,3.466666666667,0.466666666667,1.466666666667,0.466666666667,0.466666666667,0.466666666667,-0.533333333333,87.5000000001172,650.000000000469,87.5000000001172,275.000000000234,87.5000000001172,87.5000000001172,87.5000000001172,-100
0.466666666667,-0.533333333333,2.466666666667,6.466666666667,0.466666666667,2.466666666667,0.466666666667,0.466666666667,87.5000000001172,-100,462.500000000352,1212.50000000082,87.5000000001172,462.500000000352,87.5000000001172,87.5000000001172
1.2,0.2,1.2,0.2,0.2,0.2,2.2,-0.8,150,25,150,25,25,25,275,-100
1.466666666667,0.466666666667,1.466666666667,1.466666666667,0.466666666667,0.466666666667,0.466666666667,0.466666666667,275.000000000234,87.5000000001172,275.000000000234,275.000000000234,87.5000000001172,87.5000000001172,87.5000000001172,87.5000000001172
-0.533333333333,0.466666666667,2.466666666667,1.466666666667,0.466666666667,-0.533333333333,-0.533333333333,-0.533333333333,-100,87.5000000001172,462.500000000352,275.000000000234,87.5000000001172,-100,-100,-100
3.466666666667,3.466666666667,3.466666666667,1.466666666667,1.466666666667,-0.533333333333,1.466666666667,2.466666666667,650.000000000469,650.000000000469,650.000000000469,275.000000000234,275.000000000234,-100,275.000000000234,462.500000000352
-0.933333333333,3.066666666667,1.066666666667,0.0666666666670001,1.066666666667,1.066666666667,1.066666666667,1.066666666667,-100,328.571428571582,114.285714285791,7.14285714289541,114.285714285791,114.285714285791,114.285714285791,114.285714285791
1.066666666667,0.0666666666670001,0.0666666666670001,3.066666666667,0.0666666666670001,1.066666666667,-0.933333333333,1.066666666667,114.285714285791,7.14285714289541,7.14285714289541,328.571428571582,7.14285714289541,114.285714285791,-100,114.285714285791
1.066666666667,2.066666666667,0.0666666666670001,2.066666666667,1.066666666667,1.066666666667,-0.933333333333,3.066666666667,114.285714285791,221.428571428686,7.14285714289541,221.428571428686,114.285714285791,114.285714285791,-100,328.571428571582
4.2,2.2,1.2,3.2,2.2,2.2,4.2,4.2,525,275,150,400,275,275,525,525
1.2,0.2,0.2,0.2,-0.8,-0.8,0.2,1.2,150,25,25,25,-100,-100,25,150
-0.8,1.2,1.2,2.2,-0.8,-0.8,4.2,3.2,-100,150,150,275,-100,-100,525,400
0.142857142857,1.142857142857,1.142857142857,0.142857142857,1.142857142857,-0.857142857143,2.142857142857,0.142857142857,16.6666666666472,133.333333333294,133.333333333294,16.6666666666472,133.333333333294,-100,249.999999999942,16.6666666666472
2.2,4.2,2.2,1.2,-0.8,4.2,0.2,4.2,275,525,275,150,-100,525,25,525
0.2,0.2,2.2,2.2,0.2,4.2,0.2,2.2,25,25,275,275,25,525,25,275
1.2,-0.8,1.2,1.2,0.2,-0.8,1.2,-0.8,150,-100,150,150,25,-100,150,-100
3.2,0.2,0.2,0.2,0.2,0.2,1.2,1.2,400,25,25,25,25,25,150,150
0.93333333333,-0.06666666667,-1.06666666667,0.93333333333,5.93333333333,0.93333333333,1.93333333333,2.93333333333,87.4999999994141,-6.25000000029297,-100,87.4999999994141,556.249999997949,87.4999999994141,181.249999999121,274.999999998828
0.66666666667,-1.33333333333,-0.33333333333,-1.33333333333,-0.33333333333,1.66666666667,-0.33333333333,-1.33333333333,50.000000000375,-100,-24.9999999998125,-100,-24.9999999998125,125.000000000563,-24.9999999998125,-100
-1.46666666667,-1.46666666667,0.53333333333,2.53333333333,1.53333333333,0.53333333333,2.53333333333,-1.46666666667,-100,-100,36.3636363633265,172.727272726653,104.54545454499,36.3636363633265,172.727272726653,-100
-0.46666666667,-0.46666666667,0.53333333333,0.53333333333,-0.46666666667,0.53333333333,0.53333333333,-0.46666666667,-31.8181818183368,-31.8181818183368,36.3636363633265,36.3636363633265,-31.8181818183368,36.3636363633265,36.3636363633265,-31.8181818183368
-1.06666666667,1.93333333333,1.93333333333,1.93333333333,4.93333333333,0.93333333333,0.93333333333,0.93333333333,-100,181.249999999121,181.249999999121,181.249999999121,462.499999998242,87.4999999994141,87.4999999994141,87.4999999994141
0.93333333333,0.93333333333,2.93333333333,0.93333333333,-1.06666666667,1.93333333333,1.93333333333,-0.06666666667,87.4999999994141,87.4999999994141,274.999999998828,87.4999999994141,-100,181.249999999121,181.249999999121,-6.25000000029297
-0.06666666667,2.93333333333,-1.06666666667,-0.06666666667,0.93333333333,-0.06666666667,0.93333333333,-1.06666666667,-6.25000000029297,274.999999998828,-100,-6.25000000029297,87.4999999994141,-6.25000000029297,87.4999999994141,-100
-0.933333333333,2.066666666667,1.066666666667,-0.933333333333,-0.933333333333,0.0666666666670001,1.066666666667,-0.933333333333,-100,221.428571428686,114.285714285791,-100,-100,7.14285714289541,114.285714285791,-100
1.066666666667,5.066666666667,0.0666666666670001,-0.933333333333,1.066666666667,2.066666666667,0.0666666666670001,1.066666666667,114.285714285791,542.857142857372,7.14285714289541,-100,114.285714285791,221.428571428686,7.14285714289541,114.285714285791
2,0,-1,0,3,-1,0,2,200,0,-100,0,300,-100,0,200
0,0,1,-1,0,1,-1,0,0,0,100,-100,0,100,-100,0
-1,0,2,1,1,1,0,2,-100,0,200,100,100,100,0,200
1,2,1,3,2,-1,1,3,100,200,100,300,200,-100,100,300
-1,-1,-1,3,-1,-1,0,2,-100,-100,-100,300,-100,-100,0,200
0.71428571429,0.71428571429,-0.28571428571,-1.28571428571,-1.28571428571,-0.28571428571,0.71428571429,-1.28571428571,55.5555555560741,55.5555555560741,-22.222222221963,-100,-100,-22.222222221963,55.5555555560741,-100
3.285714285714,0.285714285714,0.285714285714,-0.714285714286,1.285714285714,1.285714285714,-0.714285714286,1.285714285714,459.999999999776,39.999999999944,39.999999999944,-100,179.999999999888,179.999999999888,-100,179.999999999888
0.571428571429,1.571428571429,3.571428571429,0.571428571429,0.571428571429,1.571428571429,1.571428571429,1.571428571429,133.333333333567,366.666666667133,833.333333334267,133.333333333567,133.333333333567,366.666666667133,366.666666667133,366.666666667133
0.714285714286,2.714285714286,-0.285714285714,-0.285714285714,1.714285714286,1.714285714286,2.714285714286,0.714285714286,250.00000000035,950.00000000105,-100,-100,600.0000000007,600.0000000007,950.00000000105,250.00000000035
0.714285714286,2.714285714286,0.714285714286,0.714285714286,0.714285714286,-0.285714285714,-0.285714285714,0.714285714286,250.00000000035,950.00000000105,250.00000000035,250.00000000035,250.00000000035,-100,-100,250.00000000035
-0.285714285714,-0.285714285714,1.714285714286,-0.285714285714,-0.285714285714,-0.285714285714,1.714285714286,0.714285714286,-100,-100,600.0000000007,-100,-100,-100,600.0000000007,250.00000000035
2.714285714286,0.714285714286,3.714285714286,2.714285714286,0.714285714286,-0.285714285714,2.714285714286,2.714285714286,950.00000000105,250.00000000035,1300.0000000014,950.00000000105,250.00000000035,-100,950.00000000105,950.00000000105
-0.285714285714,-0.285714285714,1.714285714286,-0.285714285714,0.714285714286,2.714285714286,0.714285714286,2.714285714286,-100,-100,600.0000000007,-100,250.00000000035,950.00000000105,250.00000000035,950.00000000105
0.571428571429,0.571428571429,1.571428571429,1.571428571429,0.571428571429,0.571428571429,2.571428571429,-0.428571428571,133.333333333567,133.333333333567,366.666666667133,366.666666667133,133.333333333567,133.333333333567,600.0000000007,-100
1.428571428571,1.428571428571,1.428571428571,1.428571428571,-0.571428571429,-0.571428571429,-0.571428571429,0.428571428571,249.999999999737,249.999999999737,249.999999999737,249.999999999737,-100,-100,-100,74.9999999998687
1.466666666667,1.466666666667,2.466666666667,0.466666666667,0.466666666667,1.466666666667,0.466666666667,0.466666666667,275.000000000234,275.000000000234,462.500000000352,87.5000000001172,87.5000000001172,275.000000000234,87.5000000001172,87.5000000001172
0.466666666667,0.466666666667,0.466666666667,1.466666666667,-0.533333333333,3.466666666667,-0.533333333333,1.466666666667,87.5000000001172,87.5000000001172,87.5000000001172,275.000000000234,-100,650.000000000469,-100,275.000000000234
-0.533333333333,-0.533333333333,0.466666666667,0.466666666667,0.466666666667,0.466666666667,0.466666666667,2.466666666667,-100,-100,87.5000000001172,87.5000000001172,87.5000000001172,87.5000000001172,87.5000000001172,462.500000000352
-0.533333333333,2.466666666667,1.466666666667,1.466666666667,1.466666666667,-0.533333333333,0.466666666667,-0.533333333333,-100,462.500000000352,275.000000000234,275.000000000234,275.000000000234,-100,87.5000000001172,-100
3.466666666667,3.466666666667,0.466666666667,5.466666666667,0.466666666667,2.466666666667,3.466666666667,3.466666666667,650.000000000469,650.000000000469,87.5000000001172,1025.0000000007,87.5000000001172,462.500000000352,650.000000000469,650.000000000469
3.733333333333,0.733333333333,1.733333333333,0.733333333333,1.733333333333,1.733333333333,0.733333333333,0.733333333333,1399.99999999812,274.999999999531,649.999999999062,274.999999999531,649.999999999062,649.999999999062,274.999999999531,274.999999999531
1.733333333333,3.733333333333,0.733333333333,2.733333333333,2.733333333333,0.733333333333,0.733333333333,2.733333333333,649.999999999062,1399.99999999812,274.999999999531,1024.99999999859,1024.99999999859,274.999999999531,274.999999999531,1024.99999999859
0.733333333333,2.733333333333,1.733333333333,3.733333333333,0.733333333333,-0.266666666667,1.733333333333,1.733333333333,274.999999999531,1024.99999999859,649.999999999062,1399.99999999812,274.999999999531,-100,649.999999999062,649.999999999062
1.733333333333,0.733333333333,0.733333333333,0.733333333333,1.733333333333,1.733333333333,1.733333333333,2.733333333333,649.999999999062,274.999999999531,274.999999999531,274.999999999531,649.999999999062,649.999999999062,649.999999999062,1024.99999999859
1.733333333333,0.733333333333,0.733333333333,1.733333333333,1.733333333333,2.733333333333,-0.266666666667,1.733333333333,649.999999999062,274.999999999531,274.999999999531,649.999999999062,649.999999999062,1024.99999999859,-100,649.999999999062
3.733333333333,3.733333333333,1.733333333333,1.733333333333,-0.266666666667,2.733333333333,2.733333333333,-0.266666666667,1399.99999999812,1399.99999999812,649.999999999062,649.999999999062,-100,1024.99999999859,1024.99999999859,-100
-0.266666666667,-0.266666666667,-0.266666666667,-0.266666666667,-0.266666666667,1.733333333333,1.733333333333,0.733333333333,-100,-100,-100,-100,-100,649.999999999062,649.999999999062,274.999999999531
1.733333333333,-0.266666666667,2.733333333333,0.733333333333,0.733333333333,0.733333333333,0.733333333333,0.733333333333,649.999999999062,-100,1024.99999999859,274.999999999531,274.999999999531,274.999999999531,274.999999999531,274.999999999531
0.6,-0.4,4.6,0.6,1.6,-0.4,1.6,2.6,150,-100,1150,150,400,-100,400,650
1.733333333333,-0.266666666667,-0.266666666667,-0.266666666667,-0.266666666667,-0.266666666667,1.733333333333,0.733333333333,649.999999999062,-100,-100,-100,-100,-100,649.999999999062,274.999999999531
0.733333333333,-0.266666666667,0.733333333333,1.733333333333,0.733333333333,1.733333333333,1.733333333333,0.733333333333,274.999999999531,-100,274.999999999531,649.999999999062,274.999999999531,649.999999999062,649.999999999062,274.999999999531
2.733333333333,1.733333333333,1.733333333333,3.733333333333,0.733333333333,-0.266666666667,2.733333333333,0.733333333333,1024.99999999859,649.999999999062,649.999999999062,1399.99999999812,274.999999999531,-100,1024.99999999859,274.999999999531
1.733333333333,-0.266666666667,0.733333333333,-0.266666666667,-0.266666666667,0.733333333333,1.733333333333,0.733333333333,649.999999999062,-100,274.999999999531,-100,-100,274.999999999531,649.999999999062,274.999999999531
0.733333333333,0.733333333333,-0.266666666667,-0.266666666667,0.733333333333,-0.266666666667,-0.266666666667,-0.266666666667,274.999999999531,274.999999999531,-100,-100,274.999999999531,-100,-100,-100
1.733333333333,1.733333333333,1.733333333333,0.733333333333,2.733333333333,0.733333333333,-0.266666666667,0.733333333333,649.999999999062,649.999999999062,649.999999999062,274.999999999531,1024.99999999859,274.999999999531,-100,274.999999999531
0.733333333333,0.733333333333,3.733333333333,2.733333333333,0.733333333333,1.733333333333,5.733333333333,3.733333333333,274.999999999531,274.999999999531,1399.99999999812,1024.99999999859,274.999999999531,649.999999999062,2149.99999999719,1399.99999999812
0.733333333333,0.733333333333,0.733333333333,1.733333333333,1.733333333333,1.733333333333,3.733333333333,-0.266666666667,274.999999999531,274.999999999531,274.999999999531,649.999999999062,649.999999999062,649.999999999062,1399.99999999812,-100
1.733333333333,1.733333333333,-0.266666666667,1.733333333333,-0.266666666667,-0.266666666667,-0.266666666667,1.733333333333,649.999999999062,649.999999999062,-100,649.999999999062,-100,-100,-100,649.999999999062
1.733333333333,-0.266666666667,2.733333333333,-0.266666666667,-0.266666666667,2.733333333333,-0.266666666667,-0.266666666667,649.999999999062,-100,1024.99999999859,-100,-100,1024.99999999859,-100,-100
3.733333333333,1.733333333333,2.733333333333,3.733333333333,1.733333333333,2.733333333333,3.733333333333,1.733333333333,1399.99999999812,649.999999999062,1024.99999999859,1399.99999999812,649.999999999062,1024.99999999859,1399.99999999812,649.999999999062
1.733333333333,1.733333333333,0.733333333333,0.733333333333,2.733333333333,0.733333333333,0.733333333333,-0.266666666667,649.999999999062,649.999999999062,274.999999999531,274.999999999531,1024.99999999859,274.999999999531,274.999999999531,-100
1.733333333333,1.733333333333,0.733333333333,0.733333333333,-0.266666666667,0.733333333333,0.733333333333,1.733333333333,649.999999999062,649.999999999062,274.999999999531,274.999999999531,-100,274.999999999531,274.999999999531,649.999999999062
-0.266666666667,1.733333333333,0.733333333333,0.733333333333,-0.266666666667,0.733333333333,-0.266666666667,2.733333333333,-100,649.999999999062,274.999999999531,274.999999999531,-100,274.999999999531,-100,1024.99999999859
3,0,2,0,3,1,1,1,Inf,NA,Inf,NA,Inf,Inf,Inf,Inf
2,1,2,0,1,0,5,3,Inf,Inf,Inf,NA,Inf,NA,Inf,Inf
1,1,2,4,1,2,2,2,Inf,Inf,Inf,Inf,Inf,Inf,Inf,Inf
1,4,0,2,2,3,1,4,Inf,Inf,NA,Inf,Inf,Inf,Inf,Inf
2,3,0,3,1,0,1,1,Inf,Inf,NA,Inf,Inf,NA,Inf,Inf
0,2,0,1,0,2,1,3,NA,Inf,NA,Inf,NA,Inf,Inf,Inf
1,0,1,1,0,3,3,1,Inf,NA,Inf,Inf,NA,Inf,Inf,Inf
2,1,4,1,2,1,1,0,Inf,Inf,Inf,Inf,Inf,Inf,Inf,NA
2,0,1,1,2,2,1,2,Inf,NA,Inf,Inf,Inf,Inf,Inf,Inf
2.733333333333,2.733333333333,1.733333333333,3.733333333333,0.733333333333,0.733333333333,0.733333333333,1.733333333333,1024.99999999859,1024.99999999859,649.999999999062,1399.99999999812,274.999999999531,274.999999999531,274.999999999531,649.999999999062
0.733333333333,-0.266666666667,1.733333333333,1.733333333333,0.733333333333,-0.266666666667,1.733333333333,-0.266666666667,274.999999999531,-100,649.999999999062,649.999999999062,274.999999999531,-100,649.999999999062,-100
-0.266666666667,-0.266666666667,0.733333333333,0.733333333333,0.733333333333,0.733333333333,0.733333333333,1.733333333333,-100,-100,274.999999999531,274.999999999531,274.999999999531,274.999999999531,274.999999999531,649.999999999062
1.733333333333,2.733333333333,1.733333333333,3.733333333333,1.733333333333,2.733333333333,3.733333333333,3.733333333333,649.999999999062,1024.99999999859,649.999999999062,1399.99999999812,649.999999999062,1024.99999999859,1399.99999999812,1399.99999999812
0.733333333333,0.733333333333,-0.266666666667,1.733333333333,-0.266666666667,-0.266666666667,1.733333333333,0.733333333333,274.999999999531,274.999999999531,-100,649.999999999062,-100,-100,649.999999999062,274.999999999531
0.733333333333,0.733333333333,0.733333333333,2.733333333333,3.733333333333,-0.266666666667,0.733333333333,-0.266666666667,274.999999999531,274.999999999531,274.999999999531,1024.99999999859,1399.99999999812,-100,274.999999999531,-100
-0.266666666667,2.733333333333,0.733333333333,1.733333333333,1.733333333333,-0.266666666667,-0.266666666667,0.733333333333,-100,1024.99999999859,274.999999999531,649.999999999062,649.999999999062,-100,-100,274.999999999531
1.733333333333,-0.266666666667,1.733333333333,2.733333333333,3.733333333333,2.733333333333,-0.266666666667,0.733333333333,649.999999999062,-100,649.999999999062,1024.99999999859,1399.99999999812,1024.99999999859,-100,274.999999999531
-0.266666666667,-0.266666666667,2.733333333333,1.733333333333,1.733333333333,-0.266666666667,0.733333333333,-0.266666666667,-100,-100,1024.99999999859,649.999999999062,649.999999999062,-100,274.999999999531,-100
0.733333333333,-0.266666666667,0.733333333333,0.733333333333,1.733333333333,2.733333333333,1.733333333333,-0.266666666667,274.999999999531,-100,274.999999999531,274.999999999531,649.999999999062,1024.99999999859,649.999999999062,-100
0.733333333333,1.733333333333,2.733333333333,0.733333333333,1.733333333333,1.733333333333,-0.266666666667,2.733333333333,274.999999999531,649.999999999062,1024.99999999859,274.999999999531,649.999999999062,649.999999999062,-100,1024.99999999859
2.733333333333,1.733333333333,3.733333333333,2.733333333333,0.733333333333,2.733333333333,2.733333333333,1.733333333333,1024.99999999859,649.999999999062,1399.99999999812,1024.99999999859,274.999999999531,1024.99999999859,1024.99999999859,649.999999999062
0.733333333333,-0.266666666667,2.733333333333,0.733333333333,0.733333333333,-0.266666666667,0.733333333333,-0.266666666667,274.999999999531,-100,1024.99999999859,274.999999999531,274.999999999531,-100,274.999999999531,-100
1.733333333333,1.733333333333,0.733333333333,-0.266666666667,0.733333333333,1.733333333333,2.733333333333,2.733333333333,649.999999999062,649.999999999062,274.999999999531,-100,274.999999999531,649.999999999062,1024.99999999859,1024.99999999859
-0.533333333333,0.466666666667,0.466666666667,0.466666666667,1.466666666667,0.466666666667,0.466666666667,0.466666666667,-100,87.5000000001172,87.5000000001172,87.5000000001172,275.000000000234,87.5000000001172,87.5000000001172,87.5000000001172
0.733333333333,-0.266666666667,3.733333333333,3.733333333333,1.733333333333,2.733333333333,1.733333333333,4.733333333333,274.999999999531,-100,1399.99999999812,1399.99999999812,649.999999999062,1024.99999999859,649.999999999062,1774.99999999766
2.733333333333,0.733333333333,1.733333333333,1.733333333333,2.733333333333,1.733333333333,2.733333333333,1.733333333333,1024.99999999859,274.999999999531,649.999999999062,649.999999999062,1024.99999999859,649.999999999062,1024.99999999859,649.999999999062
-0.266666666667,0.733333333333,1.733333333333,0.733333333333,-0.266666666667,0.733333333333,1.733333333333,2.733333333333,-100,274.999999999531,649.999999999062,274.999999999531,-100,274.999999999531,649.999999999062,1024.99999999859
-0.266666666667,0.733333333333,2.733333333333,0.733333333333,0.733333333333,-0.266666666667,2.733333333333,1.733333333333,-100,274.999999999531,1024.99999999859,274.999999999531,274.999999999531,-100,1024.99999999859,649.999999999062
3.733333333333,2.733333333333,4.733333333333,-0.266666666667,0.733333333333,0.733333333333,0.733333333333,-0.266666666667,1399.99999999812,1024.99999999859,1774.99999999766,-100,274.999999999531,274.999999999531,274.999999999531,-100
-0.266666666667,2.733333333333,1.733333333333,-0.266666666667,1.733333333333,2.733333333333,2.733333333333,-0.266666666667,-100,1024.99999999859,649.999999999062,-100,649.999999999062,1024.99999999859,1024.99999999859,-100
1.733333333333,1.733333333333,0.733333333333,-0.266666666667,1.733333333333,0.733333333333,1.733333333333,2.733333333333,649.999999999062,649.999999999062,274.999999999531,-100,649.999999999062,274.999999999531,649.999999999062,1024.99999999859
1.733333333333,-0.266666666667,0.733333333333,1.733333333333,1.733333333333,0.733333333333,2.733333333333,2.733333333333,649.999999999062,-100,274.999999999531,649.999999999062,649.999999999062,274.999999999531,1024.99999999859,1024.99999999859
0.733333333333,2.733333333333,-0.266666666667,0.733333333333,2.733333333333,0.733333333333,0.733333333333,5.733333333333,274.999999999531,1024.99999999859,-100,274.999999999531,1024.99999999859,274.999999999531,274.999999999531,2149.99999999719
1.733333333333,0.733333333333,4.733333333333,1.733333333333,0.733333333333,0.733333333333,0.733333333333,1.733333333333,649.999999999062,274.999999999531,1774.99999999766,649.999999999062,274.999999999531,274.999999999531,274.999999999531,649.999999999062
1.733333333333,1.733333333333,1.733333333333,0.733333333333,0.733333333333,0.733333333333,-0.266666666667,0.733333333333,649.999999999062,649.999999999062,649.999999999062,274.999999999531,274.999999999531,274.999999999531,-100,274.999999999531
0.733333333333,0.733333333333,1.733333333333,1.733333333333,-0.266666666667,0.733333333333,2.733333333333,0.733333333333,274.999999999531,274.999999999531,649.999999999062,649.999999999062,-100,274.999999999531,1024.99999999859,274.999999999531
0.733333333333,2.733333333333,2.733333333333,1.733333333333,1.733333333333,2.733333333333,-0.266666666667,0.733333333333,274.999999999531,1024.99999999859,1024.99999999859,649.999999999062,649.999999999062,1024.99999999859,-100,274.999999999531
2.733333333333,2.733333333333,1.733333333333,2.733333333333,0.733333333333,2.733333333333,-0.266666666667,0.733333333333,1024.99999999859,1024.99999999859,649.999999999062,1024.99999999859,274.999999999531,1024.99999999859,-100,274.999999999531
1,1,2,2,2,1,0,2,Inf,Inf,Inf,Inf,Inf,Inf,NA,Inf
2,0,0,2,2,1,3,4,Inf,NA,NA,Inf,Inf,Inf,Inf,Inf
3,2,0,5,2,1,1,0,Inf,Inf,NA,Inf,Inf,Inf,Inf,NA
3,1,1,2,1,0,1,0,Inf,Inf,Inf,Inf,Inf,NA,Inf,NA
3,3,1,1,0,0,0,0,Inf,Inf,Inf,Inf,NA,NA,NA,NA
2,4,2,2,4,0,1,2,Inf,Inf,Inf,Inf,Inf,NA,Inf,Inf
4,4,3,4,5,0,0,0,Inf,Inf,Inf,Inf,Inf,NA,NA,NA
1,3,0,2,1,1,0,1,Inf,Inf,NA,Inf,Inf,Inf,NA,Inf
1.733333333333,-0.266666666667,2.733333333333,0.733333333333,0.733333333333,1.733333333333,-0.266666666667,2.733333333333,649.999999999062,-100,1024.99999999859,274.999999999531,274.999999999531,649.999999999062,-100,1024.99999999859
0.733333333333,0.733333333333,0.733333333333,2.733333333333,0.733333333333,1.733333333333,0.733333333333,0.733333333333,274.999999999531,274.999999999531,274.999999999531,1024.99999999859,274.999999999531,649.999999999062,274.999999999531,274.999999999531
0.733333333333,2.733333333333,4.733333333333,0.733333333333,0.733333333333,-0.266666666667,3.733333333333,2.733333333333,274.999999999531,1024.99999999859,1774.99999999766,274.999999999531,274.999999999531,-100,1399.99999999812,1024.99999999859
3.733333333333,2.733333333333,0.733333333333,0.733333333333,-0.266666666667,-0.266666666667,-0.266666666667,2.733333333333,1399.99999999812,1024.99999999859,274.999999999531,274.999999999531,-100,-100,-100,1024.99999999859
0.733333333333,1.733333333333,0.733333333333,-0.266666666667,0.733333333333,2.733333333333,1.733333333333,-0.266666666667,274.999999999531,649.999999999062,274.999999999531,-100,274.999999999531,1024.99999999859,649.999999999062,-100
0.466666666667,3.466666666667,2.466666666667,1.466666666667,0.466666666667,1.466666666667,-0.533333333333,-0.533333333333,87.5000000001172,650.000000000469,462.500000000352,275.000000000234,87.5000000001172,275.000000000234,-100,-100
1.333333333333,2.333333333333,1.333333333333,1.333333333333,2.333333333333,0.333333333333,3.333333333333,1.333333333333,199.99999999985,349.999999999775,199.99999999985,199.99999999985,349.999999999775,49.999999999925,499.9999999997,199.99999999985
-0.2,-0.2,-1.2,-0.2,-1.2,-0.2,0.8,0.8,-16.6666666666667,-16.6666666666667,-100,-16.6666666666667,-100,-16.6666666666667,66.6666666666667,66.6666666666667
0.8,1.8,0.8,-0.2,-0.2,2.8,0.8,-0.2,66.6666666666667,150,66.6666666666667,-16.6666666666667,-16.6666666666667,233.333333333333,66.6666666666667,-16.6666666666667
0.8,-0.2,-0.2,-1.2,-0.2,-0.2,-1.2,1.8,66.6666666666667,-16.6666666666667,-16.6666666666667,-100,-16.6666666666667,-16.6666666666667,-100,150
0.8,0.8,-1.2,1.8,-0.2,1.8,-0.2,-0.2,66.6666666666667,66.6666666666667,-100,150,-16.6666666666667,150,-16.6666666666667,-16.6666666666667
-0.2,-0.2,0.8,-0.2,0.8,-1.2,-0.2,-1.2,-16.6666666666667,-16.6666666666667,66.6666666666667,-16.6666666666667,66.6666666666667,-100,-16.6666666666667,-100
0.8,-0.2,0.8,-1.2,-1.2,1.8,-0.2,-0.2,66.6666666666667,-16.6666666666667,66.6666666666667,-100,-100,150,-16.6666666666667,-16.6666666666667
-0.2,2.8,-0.2,-0.2,2.8,-1.2,0.8,2.8,-16.6666666666667,233.333333333333,-16.6666666666667,-16.6666666666667,233.333333333333,-100,66.6666666666667,233.333333333333
3.8,-0.2,3.8,3.8,3.8,1.8,0.8,3.8,316.666666666667,-16.6666666666667,316.666666666667,316.666666666667,316.666666666667,150,66.6666666666667,316.666666666667
0.0666666666670001,2.066666666667,4.066666666667,-0.933333333333,0.0666666666670001,0.0666666666670001,1.066666666667,0.0666666666670001,7.14285714289541,221.428571428686,435.714285714477,-100,7.14285714289541,7.14285714289541,114.285714285791,7.14285714289541
0.66666666667,-1.33333333333,0.66666666667,-1.33333333333,-1.33333333333,-0.33333333333,-0.33333333333,2.66666666667,50.000000000375,-100,50.000000000375,-100,-100,-24.9999999998125,-24.9999999998125,200.00000000075
-1.33333333333,-1.33333333333,-0.33333333333,-1.33333333333,-0.33333333333,-0.33333333333,-1.33333333333,1.66666666667,-100,-100,-24.9999999998125,-100,-24.9999999998125,-24.9999999998125,-100,125.000000000563
2.66666666667,-0.33333333333,1.66666666667,2.66666666667,0.66666666667,0.66666666667,2.66666666667,4.66666666667,200.00000000075,-24.9999999998125,125.000000000563,200.00000000075,50.000000000375,50.000000000375,200.00000000075,350.000000001125
-0.33333333333,2.66666666667,0.66666666667,0.66666666667,-0.33333333333,1.66666666667,0.66666666667,-0.33333333333,-24.9999999998125,200.00000000075,50.000000000375,50.000000000375,-24.9999999998125,125.000000000563,50.000000000375,-24.9999999998125
0.53333333333,0.53333333333,1.53333333333,-0.46666666667,-0.46666666667,0.53333333333,-0.46666666667,-1.46666666667,36.3636363633265,36.3636363633265,104.54545454499,-31.8181818183368,-31.8181818183368,36.3636363633265,-31.8181818183368,-100
-0.6,0.4,1.4,0.4,0.4,-0.6,0.4,-0.6,-37.5,25,87.5,25,25,-37.5,25,-37.5
3.66666666667,1.66666666667,0.66666666667,-0.33333333333,0.66666666667,3.66666666667,1.66666666667,1.66666666667,275.000000000938,125.000000000563,50.000000000375,-24.9999999998125,50.000000000375,275.000000000938,125.000000000563,125.000000000563
0.66666666667,-0.33333333333,-0.33333333333,-1.33333333333,-1.33333333333,1.66666666667,-0.33333333333,-0.33333333333,50.000000000375,-24.9999999998125,-24.9999999998125,-100,-100,125.000000000563,-24.9999999998125,-24.9999999998125
1.66666666667,3.66666666667,-0.33333333333,-0.33333333333,1.66666666667,-0.33333333333,1.66666666667,-0.33333333333,125.000000000563,275.000000000938,-24.9999999998125,-24.9999999998125,125.000000000563,-24.9999999998125,125.000000000563,-24.9999999998125
-1.33333333333,1.66666666667,-0.33333333333,-0.33333333333,-0.33333333333,1.66666666667,0.66666666667,1.66666666667,-100,125.000000000563,-24.9999999998125,-24.9999999998125,-24.9999999998125,125.000000000563,50.000000000375,125.000000000563
0.66666666667,6.66666666667,-0.33333333333,-0.33333333333,0.66666666667,-0.33333333333,-0.33333333333,2.66666666667,50.000000000375,500.0000000015,-24.9999999998125,-24.9999999998125,50.000000000375,-24.9999999998125,-24.9999999998125,200.00000000075
2.66666666667,1.66666666667,2.66666666667,2.66666666667,1.66666666667,1.66666666667,-0.33333333333,-1.33333333333,200.00000000075,125.000000000563,200.00000000075,200.00000000075,125.000000000563,125.000000000563,-24.9999999998125,-100
1.66666666667,0.66666666667,-0.33333333333,-0.33333333333,1.66666666667,-0.33333333333,-0.33333333333,-0.33333333333,125.000000000563,50.000000000375,-24.9999999998125,-24.9999999998125,125.000000000563,-24.9999999998125,-24.9999999998125,-24.9999999998125
1.66666666667,0.66666666667,1.66666666667,-1.33333333333,-0.33333333333,-1.33333333333,2.66666666667,-1.33333333333,125.000000000563,50.000000000375,125.000000000563,-100,-24.9999999998125,-100,200.00000000075,-100
3.66666666667,2.66666666667,1.66666666667,0.66666666667,0.66666666667,0.66666666667,0.66666666667,0.66666666667,275.000000000938,200.00000000075,125.000000000563,50.000000000375,50.000000000375,50.000000000375,50.000000000375,50.000000000375
4,2,1,-1,0,3,4,0,400,200,100,-100,0,300,400,0
0.0666666666670001,1.066666666667,1.066666666667,0.0666666666670001,2.066666666667,2.066666666667,2.066666666667,3.066666666667,7.14285714289541,114.285714285791,114.285714285791,7.14285714289541,221.428571428686,221.428571428686,221.428571428686,328.571428571582
0,0,1,1,2,1,2,4,0,0,100,100,200,100,200,400
3.066666666667,0.0666666666670001,2.066666666667,5.066666666667,2.066666666667,1.066666666667,5.066666666667,2.066666666667,328.571428571582,7.14285714289541,221.428571428686,542.857142857372,221.428571428686,114.285714285791,542.857142857372,221.428571428686
2.466666666667,5.466666666667,0.466666666667,0.466666666667,1.466666666667,1.466666666667,2.466666666667,2.466666666667,462.500000000352,1025.0000000007,87.5000000001172,87.5000000001172,275.000000000234,275.000000000234,462.500000000352,462.500000000352
1.714285714286,0.714285714286,2.714285714286,1.714285714286,2.714285714286,1.714285714286,0.714285714286,0.714285714286,600.0000000007,250.00000000035,950.00000000105,600.0000000007,950.00000000105,600.0000000007,250.00000000035,250.00000000035
3,4,0,0,3,0,2,3,Inf,Inf,NA,NA,Inf,NA,Inf,Inf
3.714285714286,5.714285714286,2.714285714286,2.714285714286,2.714285714286,1.714285714286,4.714285714286,6.714285714286,1300.0000000014,2000.0000000021,950.00000000105,950.00000000105,950.00000000105,600.0000000007,1650.00000000175,2350.00000000245
2.428571428571,2.428571428571,3.428571428571,1.428571428571,1.428571428571,-0.571428571429,2.428571428571,2.428571428571,424.999999999606,424.999999999606,599.999999999475,249.999999999737,249.999999999737,-100,424.999999999606,424.999999999606
1.428571428571,1.428571428571,4.428571428571,0.428571428571,2.428571428571,-0.571428571429,2.428571428571,3.428571428571,249.999999999737,249.999999999737,774.999999999344,74.9999999998687,424.999999999606,-100,424.999999999606,599.999999999475
1.142857142857,1.142857142857,2.142857142857,1.142857142857,0.142857142857,2.142857142857,-0.857142857143,3.142857142857,133.333333333294,133.333333333294,249.999999999942,133.333333333294,16.6666666666472,249.999999999942,-100,366.666666666589
3.142857142857,2.142857142857,3.142857142857,3.142857142857,0.142857142857,1.142857142857,1.142857142857,8.142857142857,366.666666666589,249.999999999942,366.666666666589,366.666666666589,16.6666666666472,133.333333333294,133.333333333294,949.999999999825
2.2,3.2,3.2,3.2,2.2,-0.8,2.2,3.2,275,400,400,400,275,-100,275,400
-0.857142857143,0.142857142857,1.142857142857,1.142857142857,5.142857142857,1.142857142857,1.142857142857,0.142857142857,-100,16.6666666666472,133.333333333294,133.333333333294,599.999999999883,133.333333333294,133.333333333294,16.6666666666472
1.2,2.2,2.2,1.2,0.2,0.2,-0.8,3.2,150,275,275,150,25,25,-100,400
1.2,2.2,5.2,2.2,1.2,2.2,1.2,0.2,150,275,650,275,150,275,150,25
-0.857142857143,3.142857142857,0.142857142857,1.142857142857,2.142857142857,1.142857142857,3.142857142857,2.142857142857,-100,366.666666666589,16.6666666666472,133.333333333294,249.999999999942,133.333333333294,366.666666666589,249.999999999942
0.93333333333,-1.06666666667,4.93333333333,0.93333333333,-1.06666666667,1.93333333333,0.93333333333,0.93333333333,87.4999999994141,-100,462.499999998242,87.4999999994141,-100,181.249999999121,87.4999999994141,87.4999999994141
1.93333333333,-1.06666666667,-1.06666666667,1.93333333333,1.93333333333,0.93333333333,0.93333333333,1.93333333333,181.249999999121,-100,-100,181.249999999121,181.249999999121,87.4999999994141,87.4999999994141,181.249999999121
2.66666666667,3.66666666667,1.66666666667,1.66666666667,3.66666666667,2.66666666667,3.66666666667,3.66666666667,200.00000000075,275.000000000938,125.000000000563,125.000000000563,275.000000000938,200.00000000075,275.000000000938,275.000000000938
0.53333333333,5.53333333333,3.53333333333,4.53333333333,0.53333333333,1.53333333333,1.53333333333,-0.46666666667,36.3636363633265,377.272727271643,240.909090908316,309.090909089979,36.3636363633265,104.54545454499,104.54545454499,-31.8181818183368
0.8,1.8,2.8,-0.2,0.8,0.8,0.8,1.8,66.6666666666667,150,233.333333333333,-16.6666666666667,66.6666666666667,66.6666666666667,66.6666666666667,150
1.4,1.4,-0.6,-0.6,3.4,0.4,-0.6,2.4,87.5,87.5,-37.5,-37.5,212.5,25,-37.5,150
1.4,6.4,0.4,4.4,2.4,0.4,4.4,0.4,87.5,400,25,275,150,25,275,25
1.66666666667,1.66666666667,1.66666666667,0.66666666667,1.66666666667,-0.33333333333,0.66666666667,-0.33333333333,125.000000000563,125.000000000563,125.000000000563,50.000000000375,125.000000000563,-24.9999999998125,50.000000000375,-24.9999999998125
-0.33333333333,0.66666666667,2.66666666667,0.66666666667,1.66666666667,2.66666666667,-0.33333333333,2.66666666667,-24.9999999998125,50.000000000375,200.00000000075,50.000000000375,125.000000000563,200.00000000075,-24.9999999998125,200.00000000075
1.4,0.4,2.4,1.4,-0.6,2.4,0.4,0.4,87.5,25,150,87.5,-37.5,150,25,25
0.4,0.4,-1.6,1.4,3.4,1.4,-0.6,3.4,25,25,-100,87.5,212.5,87.5,-37.5,212.5
-0.86666666667,0.13333333333,3.13333333333,2.13333333333,1.13333333333,-0.86666666667,1.13333333333,3.13333333333,-46.4285714286671,7.14285714266581,167.857142856665,114.285714285332,60.7142857139987,-46.4285714286671,60.7142857139987,167.857142856665
-2.13333333333,-0.13333333333,0.86666666667,0.86666666667,0.86666666667,-1.13333333333,-0.13333333333,2.86666666667,-100,-6.24999999985351,40.6250000002197,40.6250000002197,40.6250000002197,-53.1249999999268,-6.24999999985351,134.375000000366
-2.13333333333,2.86666666667,-2.13333333333,-1.13333333333,3.86666666667,1.86666666667,-1.13333333333,1.86666666667,-100,134.375000000366,-100,-53.1249999999268,181.250000000439,87.500000000293,-53.1249999999268,87.500000000293
2.73333333333,1.73333333333,-0.26666666667,-2.26666666667,4.73333333333,2.73333333333,-0.26666666667,3.73333333333,120.588235293793,76.4705882350346,-11.7647058824827,-100,208.823529411311,120.588235293793,-11.7647058824827,164.705882352552
1,-1,1,0,1,0,-2,1,50,-50,50,0,50,0,-100,50
-0.26666666667,-0.26666666667,-2.26666666667,-0.26666666667,-1.26666666667,1.73333333333,0.73333333333,-0.26666666667,-11.7647058824827,-11.7647058824827,-100,-11.7647058824827,-55.8823529412414,76.4705882350346,32.352941176276,-11.7647058824827
0,-1,4,-1,1,-2,-1,-2,0,-50,200,-50,50,-100,-50,-100
-1.4,1.6,-0.4,2.6,-1.4,-0.4,3.6,1.6,-58.3333333333333,66.6666666666667,-16.6666666666667,108.333333333333,-58.3333333333333,-16.6666666666667,150,66.6666666666667
-0.0666666666700002,1.93333333333,-2.06666666667,-1.06666666667,1.93333333333,-0.0666666666700002,-1.06666666667,1.93333333333,-2.1739130435846,63.0434782606923,-67.3913043478615,-34.7826086957231,63.0434782606923,-2.1739130435846,-34.7826086957231,63.0434782606923
-1.4,1.6,0.6,1.6,0.6,1.6,-0.4,-1.4,-58.3333333333333,66.6666666666667,25,66.6666666666667,25,66.6666666666667,-16.6666666666667,-58.3333333333333
-0.4,-0.4,-2.4,1.6,-0.4,1.6,0.6,-1.4,-16.6666666666667,-16.6666666666667,-100,66.6666666666667,-16.6666666666667,66.6666666666667,25,-58.3333333333333
3.6,1.6,3.6,1.6,1.6,0.6,0.6,-1.4,150,66.6666666666667,150,66.6666666666667,66.6666666666667,25,25,-58.3333333333333
-0.4,0.6,0.6,1.6,1.6,2.6,0.6,0.6,-16.6666666666667,25,25,66.6666666666667,66.6666666666667,108.333333333333,25,25
0.6,-1.4,1.6,-0.4,-1.4,1.6,-1.4,1.6,25,-58.3333333333333,66.6666666666667,-16.6666666666667,-58.3333333333333,66.6666666666667,-58.3333333333333,66.6666666666667
-0.66666666667,-1.66666666667,-1.66666666667,-0.66666666667,-0.66666666667,-2.66666666667,-1.66666666667,0.33333333333,-25.0000000000937,-62.5000000000469,-62.5000000000469,-25.0000000000937,-25.0000000000937,-100,-62.5000000000469,12.4999999998594
1.2,-0.8,-1.8,0.2,0.2,3.2,-0.8,1.2,42.8571428571429,-28.5714285714286,-64.2857142857143,7.14285714285715,7.14285714285715,114.285714285714,-28.5714285714286,42.8571428571429
0.46666666667,0.46666666667,-1.53333333333,-1.53333333333,1.46666666667,-0.53333333333,1.46666666667,0.46666666667,18.4210526317348,18.4210526317348,-60.5263157894217,-60.5263157894217,57.894736842313,-21.0526315788435,57.894736842313,18.4210526317348
-0.53333333333,-1.53333333333,-1.53333333333,-0.53333333333,-1.53333333333,-0.53333333333,1.46666666667,-0.53333333333,-21.0526315788435,-60.5263157894217,-60.5263157894217,-21.0526315788435,-60.5263157894217,-21.0526315788435,57.894736842313,-21.0526315788435
0.46666666667,-1.53333333333,-0.53333333333,-2.53333333333,-0.53333333333,1.46666666667,3.46666666667,-0.53333333333,18.4210526317348,-60.5263157894217,-21.0526315788435,-100,-21.0526315788435,57.894736842313,136.84210526347,-21.0526315788435
1.46666666667,0.46666666667,-0.53333333333,0.46666666667,0.46666666667,1.46666666667,1.46666666667,1.46666666667,57.894736842313,18.4210526317348,-21.0526315788435,18.4210526317348,18.4210526317348,57.894736842313,57.894736842313,57.894736842313
0.33333333333,-0.66666666667,0.33333333333,1.33333333333,0.33333333333,-1.66666666667,-2.66666666667,-2.66666666667,12.4999999998594,-25.0000000000937,12.4999999998594,49.9999999998125,12.4999999998594,-62.5000000000469,-100,-100
-2.8,-0.8,0.2,2.2,1.2,2.2,-1.8,-0.8,-100,-28.5714285714286,7.14285714285715,78.5714285714286,42.8571428571429,78.5714285714286,-64.2857142857143,-28.5714285714286
0.73333333333,0.73333333333,-0.26666666667,-2.26666666667,1.73333333333,1.73333333333,-1.26666666667,1.73333333333,32.352941176276,32.352941176276,-11.7647058824827,-100,76.4705882350346,76.4705882350346,-55.8823529412414,76.4705882350346
4.4,-0.6,3.4,3.4,1.4,6.4,-0.6,3.4,275,-37.5,212.5,212.5,87.5,400,-37.5,212.5
0.13333333333,0.13333333333,3.13333333333,1.13333333333,0.13333333333,0.13333333333,-1.86666666667,-0.86666666667,7.14285714266581,7.14285714266581,167.857142856665,60.7142857139987,7.14285714266581,7.14285714266581,-100,-46.4285714286671
0.13333333333,0.13333333333,1.13333333333,-0.86666666667,1.13333333333,-1.86666666667,0.13333333333,-0.86666666667,7.14285714266581,7.14285714266581,60.7142857139987,-46.4285714286671,60.7142857139987,-100,7.14285714266581,-46.4285714286671
0.13333333333,0.13333333333,-0.86666666667,1.13333333333,-0.86666666667,2.13333333333,3.13333333333,-1.86666666667,7.14285714266581,7.14285714266581,-46.4285714286671,60.7142857139987,-46.4285714286671,114.285714285332,167.857142856665,-100
2,2,0,1,1,1,3,1,100,100,0,50,50,50,150,50
0.26666666667,2.26666666667,0.26666666667,1.26666666667,-1.73333333333,1.26666666667,0.26666666667,1.26666666667,15.3846153848373,130.769230769675,15.3846153848373,73.0769230772559,-100,73.0769230772559,15.3846153848373,73.0769230772559
0.4,1.4,3.4,2.4,1.4,2.4,2.4,3.4,25,87.5,212.5,150,87.5,150,150,212.5
-0.2,1.8,3.8,-0.2,2.8,3.8,1.8,1.8,-16.6666666666667,150,316.666666666667,-16.6666666666667,233.333333333333,316.666666666667,150,150
7.8,6.8,8.8,1.8,4.8,2.8,7.8,0.8,650,566.666666666667,733.333333333333,150,400,233.333333333333,650,66.6666666666667
2.8,0.8,3.8,3.8,0.8,2.8,1.8,1.8,233.333333333333,66.6666666666667,316.666666666667,316.666666666667,66.6666666666667,233.333333333333,150,150
2.8,1.8,4.8,2.8,1.8,1.8,0.8,0.8,233.333333333333,150,400,233.333333333333,150,150,66.6666666666667,66.6666666666667
-0.33333333333,5.66666666667,5.66666666667,2.66666666667,6.66666666667,4.66666666667,4.66666666667,5.66666666667,-24.9999999998125,425.000000001313,425.000000001313,200.00000000075,500.0000000015,350.000000001125,350.000000001125,425.000000001313
1.8,4.8,2.8,6.8,2.8,2.8,6.8,1.8,150,400,233.333333333333,566.666666666667,233.333333333333,233.333333333333,566.666666666667,150
5.66666666667,2.66666666667,0.66666666667,3.66666666667,3.66666666667,2.66666666667,2.66666666667,5.66666666667,425.000000001313,200.00000000075,50.000000000375,275.000000000938,275.000000000938,200.00000000075,200.00000000075,425.000000001313
1.4,2.4,1.4,3.4,-0.6,3.4,4.4,7.4,87.5,150,87.5,212.5,-37.5,212.5,275,462.5
-1.13333333333,2.86666666667,1.86666666667,2.86666666667,-0.13333333333,0.86666666667,-0.13333333333,3.86666666667,-53.1249999999268,134.375000000366,87.500000000293,134.375000000366,-6.24999999985351,40.6250000002197,-6.24999999985351,181.250000000439
4.13333333333,4.13333333333,3.13333333333,4.13333333333,4.13333333333,4.13333333333,1.13333333333,5.13333333333,221.428571427997,221.428571427997,167.857142856665,221.428571427997,221.428571427997,221.428571427997,60.7142857139987,274.99999999933
1.86666666667,1.86666666667,3.86666666667,3.86666666667,4.86666666667,2.86666666667,5.86666666667,2.86666666667,87.500000000293,87.500000000293,181.250000000439,181.250000000439,228.125000000513,134.375000000366,275.000000000586,134.375000000366
0.73333333333,-1.26666666667,1.73333333333,1.73333333333,0.73333333333,2.73333333333,2.73333333333,0.73333333333,32.352941176276,-55.8823529412414,76.4705882350346,76.4705882350346,32.352941176276,120.588235293793,120.588235293793,32.352941176276
-0.8,0.2,1.2,2.2,-0.8,2.2,1.2,2.2,-28.5714285714286,7.14285714285715,42.8571428571429,78.5714285714286,-28.5714285714286,78.5714285714286,42.8571428571429,78.5714285714286
0.0666666666700002,4.06666666667,3.06666666667,5.06666666667,1.06666666667,4.06666666667,-0.93333333333,7.06666666667,2.2727272728435,138.636363636635,104.545454545687,172.727272727583,36.3636363637913,138.636363636635,-31.8181818181043,240.909090909478
0.2,4.2,3.2,1.2,4.2,0.2,0.2,2.2,7.14285714285715,150,114.285714285714,42.8571428571429,150,7.14285714285715,7.14285714285715,78.5714285714286
4,3,1,-1,-1,1,2,1,133.333333333333,100,33.3333333333333,-33.3333333333333,-33.3333333333333,33.3333333333333,66.6666666666667,33.3333333333333
0.2,0.2,2.2,-0.8,-0.8,1.2,1.2,3.2,7.14285714285715,7.14285714285715,78.5714285714286,-28.5714285714286,-28.5714285714286,42.8571428571429,42.8571428571429,114.285714285714
4.93333333333,3.93333333333,5.93333333333,7.93333333333,3.93333333333,1.93333333333,5.93333333333,3.93333333333,160.869565217108,128.260869564969,193.478260869246,258.695652173523,128.260869564969,63.0434782606923,193.478260869246,128.260869564969
0.0666666666700002,3.06666666667,0.0666666666700002,3.06666666667,-0.93333333333,3.06666666667,2.06666666667,1.06666666667,2.2727272728435,104.545454545687,2.2727272728435,104.545454545687,-31.8181818181043,104.545454545687,70.4545454547392,36.3636363637913
6.2,-0.8,1.2,-1.8,1.2,1.2,3.2,1.2,221.428571428571,-28.5714285714286,42.8571428571429,-64.2857142857143,42.8571428571429,42.8571428571429,114.285714285714,42.8571428571429
0.0666666666700002,-0.93333333333,2.06666666667,6.06666666667,3.06666666667,3.06666666667,4.06666666667,3.06666666667,2.2727272728435,-31.8181818181043,70.4545454547392,206.818181818531,104.545454545687,104.545454545687,138.636363636635,104.545454545687
-0.93333333333,4.06666666667,3.06666666667,4.06666666667,7.06666666667,2.06666666667,6.06666666667,4.06666666667,-31.8181818181043,138.636363636635,104.545454545687,138.636363636635,240.909090909478,70.4545454547392,206.818181818531,138.636363636635
4.33333333333,4.33333333333,6.33333333333,1.33333333333,5.33333333333,2.33333333333,0.33333333333,2.33333333333,162.499999999672,162.499999999672,237.499999999578,49.9999999998125,199.999999999625,87.4999999997656,12.4999999998594,87.4999999997656
0.46666666667,3.46666666667,3.46666666667,1.46666666667,3.46666666667,1.46666666667,-1.53333333333,2.46666666667,18.4210526317348,136.84210526347,136.84210526347,57.894736842313,136.84210526347,57.894736842313,-60.5263157894217,97.3684210528913
0.93333333333,0.93333333333,3.93333333333,-0.0666666666700002,-1.06666666667,1.93333333333,0.93333333333,0.93333333333,30.4347826085539,30.4347826085539,128.260869564969,-2.1739130435846,-34.7826086957231,63.0434782606923,30.4347826085539,30.4347826085539
8.2,-0.8,2.2,-0.8,7.2,2.2,5.2,2.2,292.857142857143,-28.5714285714286,78.5714285714286,-28.5714285714286,257.142857142857,78.5714285714286,185.714285714286,78.5714285714286
0.66666666667,-1.33333333333,2.66666666667,5.66666666667,2.66666666667,-0.33333333333,1.66666666667,5.66666666667,20.00000000012,-39.99999999994,80.00000000018,170.00000000027,80.00000000018,-9.99999999991,50.00000000015,170.00000000027
1.06666666667,1.06666666667,-1.93333333333,3.06666666667,2.06666666667,2.06666666667,0.0666666666700002,0.0666666666700002,36.3636363637913,36.3636363637913,-65.9090909090522,104.545454545687,70.4545454547392,70.4545454547392,2.2727272728435,2.2727272728435
0.93333333333,1.93333333333,1.93333333333,0.93333333333,1.93333333333,-0.0666666666700002,2.93333333333,2.93333333333,30.4347826085539,63.0434782606923,63.0434782606923,30.4347826085539,63.0434782606923,-2.1739130435846,95.6521739128308,95.6521739128308
5.13333333333,3.13333333333,4.13333333333,4.13333333333,7.13333333333,3.13333333333,4.13333333333,3.13333333333,132.758620689455,81.0344827584646,106.89655172396,106.89655172396,184.482758620444,81.0344827584646,106.89655172396,81.0344827584646
-1.4,5.6,5.6,0.6,-0.4,-1.4,4.6,2.6,-31.8181818181818,127.272727272727,127.272727272727,13.6363636363636,-9.0909090909091,-31.8181818181818,104.545454545455,59.0909090909091
1.46666666667,5.46666666667,-0.53333333333,2.46666666667,1.46666666667,0.46666666667,-2.53333333333,-0.53333333333,32.3529411765679,120.58823529428,-11.7647058822881,54.4117647059959,32.3529411765679,10.2941176471399,-55.882352941144,-11.7647058822881
0.46666666667,-0.53333333333,-1.53333333333,1.46666666667,-1.53333333333,-0.53333333333,1.46666666667,1.46666666667,10.2941176471399,-11.7647058822881,-33.823529411716,32.3529411765679,-33.823529411716,-11.7647058822881,32.3529411765679,32.3529411765679
3.06666666667,3.06666666667,3.06666666667,-0.93333333333,8.06666666667,6.06666666667,3.06666666667,4.06666666667,62.1621621622717,62.1621621622717,62.1621621622717,-18.9189189188641,163.513513513692,122.972972973124,62.1621621622717,82.4324324325557
1.4,-0.6,-1.6,0.4,2.4,4.4,-0.6,0.4,25,-10.7142857142857,-28.5714285714286,7.14285714285715,42.8571428571429,78.5714285714286,-10.7142857142857,7.14285714285715
0.4,-3.6,-1.6,-1.6,-0.6,-0.6,-2.6,-2.6,7.14285714285715,-64.2857142857143,-28.5714285714286,-28.5714285714286,-10.7142857142857,-10.7142857142857,-46.4285714285714,-46.4285714285714
1.4,-3.6,1.4,4.4,-3.6,-0.6,-2.6,-4.6,25,-64.2857142857143,25,78.5714285714286,-64.2857142857143,-10.7142857142857,-46.4285714285714,-82.1428571428571
0.6,-0.4,1.6,3.6,-0.4,-3.4,2.6,5.6,9.37499999999999,-6.25000000000001,25,56.25,-6.25000000000001,-53.125,40.625,87.5
-0.8,-1.8,-2.8,-1.8,0.2,-4.8,-0.8,0.2,-11.7647058823529,-26.4705882352941,-41.1764705882353,-26.4705882352941,2.94117647058824,-70.5882352941177,-11.7647058823529,2.94117647058824
-4.26666666667,0.73333333333,-4.26666666667,-0.26666666667,-0.26666666667,-4.26666666667,0.73333333333,-0.26666666667,-68.0851063829957,11.7021276595151,-68.0851063829957,-4.2553191489871,-4.2553191489871,-68.0851063829957,11.7021276595151,-4.2553191489871
-3.8,-1.8,-5.8,-3.8,-1.8,0.2,-3.8,-4.8,-55.8823529411765,-26.4705882352941,-85.2941176470588,-55.8823529411765,-26.4705882352941,2.94117647058824,-55.8823529411765,-70.5882352941177
2.33333333333,-2.66666666667,4.33333333333,2.33333333333,1.33333333333,3.33333333333,0.33333333333,4.33333333333,34.9999999999325,-40.00000000003,64.9999999999175,34.9999999999325,19.99999999994,49.999999999925,4.9999999999475,64.9999999999175
1.6,-0.4,-0.4,2.6,1.6,-1.4,-0.4,-1.4,25,-6.25000000000001,-6.25000000000001,40.625,25,-21.875,-6.25000000000001,-21.875
0.86666666667,-1.13333333333,3.86666666667,-3.13333333333,-3.13333333333,-0.13333333333,-2.13333333333,1.86666666667,14.1304347826707,-18.4782608695209,63.0434782609582,-51.0869565217125,-51.0869565217125,-2.1739130434251,-34.7826086956167,30.4347826087665
0,2,-3,-2,-2,-1,1,0,0,33.3333333333333,-50,-33.3333333333333,-33.3333333333333,-16.6666666666667,16.6666666666667,0
-0.46666666667,2.53333333333,0.53333333333,1.53333333333,4.53333333333,2.53333333333,-1.46666666667,2.53333333333,-8.53658536590943,46.3414634145449,9.75609756090868,28.0487804877268,82.9268292681811,46.3414634145449,-26.8292682927275,46.3414634145449
-2.86666666667,-1.86666666667,-2.86666666667,-0.86666666667,-0.86666666667,-4.86666666667,0.13333333333,-2.86666666667,-48.8636363636654,-31.8181818182206,-48.8636363636654,-14.7727272727757,-14.7727272727757,-82.9545454545551,2.27272727266917,-48.8636363636654
0.4,-4.6,-0.6,0.4,-1.6,1.4,2.4,0.4,7.14285714285715,-82.1428571428571,-10.7142857142857,7.14285714285715,-28.5714285714286,25,42.8571428571429,7.14285714285715
-0.73333333333,-4.73333333333,-1.73333333333,-1.73333333333,-3.73333333333,-1.73333333333,2.26666666667,-2.73333333333,-12.7906976743679,-82.5581395348736,-30.2325581394943,-30.2325581394943,-65.1162790697472,-30.2325581394943,39.5348837210114,-47.6744186046207
1.93333333333,4.93333333333,0.93333333333,4.93333333333,-0.0666666666699998,-0.0666666666699998,1.93333333333,4.93333333333,38.1578947367512,97.3684210525017,18.421052631501,97.3684210525017,-1.31578947374913,-1.31578947374913,38.1578947367512,97.3684210525017
-3.33333333333,2.66666666667,1.66666666667,-1.33333333333,1.66666666667,1.66666666667,-4.33333333333,-1.33333333333,-62.4999999999766,50.0000000000938,31.250000000082,-24.9999999999531,31.250000000082,31.250000000082,-81.2499999999883,-24.9999999999531
-2.06666666667,-1.06666666667,-2.06666666667,-3.06666666667,-3.06666666667,-0.0666666666699998,0.93333333333,-1.06666666667,-40.7894736842495,-21.0526315789993,-40.7894736842495,-60.5263157894996,-60.5263157894996,-1.31578947374913,18.421052631501,-21.0526315789993
-0.53333333333,-1.53333333333,0.46666666667,-1.53333333333,-2.53333333333,-3.53333333333,-2.53333333333,-3.53333333333,-11.7647058822881,-33.823529411716,10.2941176471399,-33.823529411716,-55.882352941144,-77.941176470572,-55.882352941144,-77.941176470572
2.13333333333,3.13333333333,1.13333333333,5.13333333333,6.13333333333,1.13333333333,2.13333333333,2.13333333333,55.1724137929697,81.0344827584646,29.3103448274747,132.758620689455,158.620689654949,29.3103448274747,55.1724137929697,55.1724137929697
3.13333333333,-2.86666666667,-1.86666666667,2.13333333333,3.13333333333,0.13333333333,3.13333333333,1.13333333333,81.0344827584646,-74.1379310345051,-48.2758620690101,55.1724137929697,81.0344827584646,3.44827586197979,81.0344827584646,29.3103448274747
3.4,-3.6,1.4,4.4,-0.6,2.4,-0.6,2.4,94.4444444444444,-100,38.8888888888889,122.222222222222,-16.6666666666667,66.6666666666667,-16.6666666666667,66.6666666666667
2.26666666667,-1.73333333333,-0.73333333333,-0.73333333333,1.26666666667,1.26666666667,2.26666666667,0.26666666667,60.7142857144292,-46.4285714285236,-19.6428571427854,-19.6428571427854,33.928571428691,33.928571428691,60.7142857144292,7.1428571429528
2.73333333333,3.73333333333,3.73333333333,3.73333333333,3.73333333333,1.73333333333,2.73333333333,2.73333333333,64.0624999998718,87.4999999998535,87.4999999998535,87.4999999998535,87.4999999998535,40.6249999998901,64.0624999998718,64.0624999998718
-1.26666666667,2.73333333333,-0.26666666667,3.73333333333,-0.26666666667,2.73333333333,0.73333333333,3.73333333333,-29.6875000000549,64.0624999998718,-6.25000000007324,87.4999999998535,-6.25000000007324,64.0624999998718,17.1874999999084,87.4999999998535
1.13333333333,1.13333333333,-1.86666666667,4.13333333333,5.13333333333,-1.86666666667,0.13333333333,1.13333333333,29.3103448274747,29.3103448274747,-48.2758620690101,106.89655172396,132.758620689455,-48.2758620690101,3.44827586197979,29.3103448274747
2.6,0.6,0.6,-0.4,1.6,0.6,-1.4,3.6,59.0909090909091,13.6363636363636,13.6363636363636,-9.0909090909091,36.3636363636364,13.6363636363636,-31.8181818181818,81.8181818181818
6.86666666667,8.86666666667,5.86666666667,1.86666666667,6.86666666667,9.86666666667,6.86666666667,5.86666666667,166.129032258279,214.516129032512,141.935483871163,45.1612903226977,166.129032258279,238.709677419628,166.129032258279,141.935483871163
2.6,4.6,3.6,-0.4,2.6,2.6,3.6,3.6,59.0909090909091,104.545454545455,81.8181818181818,-9.0909090909091,59.0909090909091,59.0909090909091,81.8181818181818,81.8181818181818
2.33333333333,2.33333333333,0.33333333333,7.33333333333,-2.66666666667,1.33333333333,3.33333333333,5.33333333333,49.9999999998929,49.9999999998929,7.14285714278061,157.142857142673,-57.1428571428878,28.5714285713367,71.428571428449,114.285714285561
-2.6,-0.6,1.4,1.4,1.4,-0.6,0.4,2.4,-46.4285714285714,-10.7142857142857,25,25,25,-10.7142857142857,7.14285714285715,42.8571428571429
5.06666666667,6.06666666667,6.06666666667,4.06666666667,7.06666666667,10.06666666667,5.06666666667,11.06666666667,102.70270270284,122.972972973124,122.972972973124,82.4324324325557,143.243243243408,204.054054054259,102.70270270284,224.324324324543
2.66666666667,3.66666666667,3.66666666667,2.66666666667,3.66666666667,2.66666666667,-0.33333333333,1.66666666667,50.0000000000938,68.7500000001055,68.7500000001055,50.0000000000938,68.7500000001055,50.0000000000938,-6.2499999999414,31.250000000082
3.93333333333,-0.0666666666699998,1.93333333333,-1.06666666667,2.93333333333,4.93333333333,0.93333333333,3.93333333333,77.6315789472516,-1.31578947374913,38.1578947367512,-21.0526315789993,57.8947368420014,97.3684210525017,18.421052631501,77.6315789472516
2.71428571429,1.71428571429,2.71428571429,-2.28571428571,-0.28571428571,2.71428571429,1.71428571429,-1.28571428571,51.3513513514741,32.4324324325398,51.3513513514741,-43.2432432431972,-5.40540540532871,51.3513513514741,32.4324324325398,-24.324324324263
0.33333333333,8.33333333333,-0.66666666667,6.33333333333,-1.66666666667,3.33333333333,6.33333333333,8.33333333333,4.9999999999475,124.999999999887,-10.000000000045,94.9999999999025,-25.0000000000375,49.999999999925,94.9999999999025,124.999999999887
-1.4,3.6,3.6,3.6,-0.4,2.6,-0.4,-0.4,-21.875,56.25,56.25,56.25,-6.25000000000001,40.625,-6.25000000000001,-6.25000000000001
0.85714285714,2.85714285714,3.85714285714,-0.14285714286,3.85714285714,2.85714285714,1.85714285714,-3.14285714286,13.95348837204,46.5116279069086,62.7906976743429,-2.32558139539426,62.7906976743429,46.5116279069086,30.2325581394743,-51.1627906976971
3.57142857143,2.57142857143,-3.42857142857,-1.42857142857,-1.42857142857,-3.42857142857,1.57142857143,-2.42857142857,55.5555555555901,40.0000000000311,-53.333333333323,-22.2222222222049,-22.2222222222049,-53.333333333323,24.4444444444721,-37.777777777764
4.2,5.2,7.2,10.2,6.2,2.2,5.2,6.2,61.7647058823529,76.4705882352941,105.882352941176,150,91.1764705882353,32.3529411764706,76.4705882352941,91.1764705882353
1.06666666667,-2.93333333333,4.06666666667,7.06666666667,2.06666666667,0.0666666666699998,3.06666666667,3.06666666667,15.3846153846709,-42.3076923076646,58.6538461539224,101.923076923174,29.8076923077547,0.961538461586997,44.2307692308386,44.2307692308386
0.6,0.6,2.6,3.6,-1.4,1.6,-1.4,3.6,9.37499999999999,9.37499999999999,40.625,56.25,-21.875,25,-21.875,56.25
5.42857142857,0.42857142857,0.42857142857,0.42857142857,2.42857142857,-0.57142857143,3.42857142857,-0.57142857143,82.6086956521342,6.52173913041162,6.52173913041162,6.52173913041162,36.9565217391007,-8.6956521739329,52.1739130434452,-8.6956521739329
6.93333333333,11.93333333333,12.93333333333,-5.06666666667,6.93333333333,9.93333333333,7.93333333333,4.93333333333,98.1132075470764,168.867924528175,183.018867924395,-71.6981132075605,98.1132075470764,140.566037735736,112.264150943296,69.8113207546369
1.6,5.6,5.6,1.6,3.6,4.6,4.6,7.6,25,87.5,87.5,25,56.25,71.875,71.875,118.75
-0.73333333333,4.26666666667,6.26666666667,0.26666666667,3.26666666667,5.26666666667,-1.73333333333,3.26666666667,-12.7906976743679,74.4186046512642,109.302325581517,4.65116279075852,56.9767441861378,91.8604651163906,-30.2325581394943,56.9767441861378
3.13333333333,3.13333333333,-0.86666666667,5.13333333333,2.13333333333,1.13333333333,7.13333333333,1.13333333333,53.4090909090038,53.4090909090038,-14.7727272727757,87.4999999998935,36.3636363635589,19.318181818114,121.590909090783,19.318181818114
1.46666666667,4.46666666667,2.46666666667,3.46666666667,1.46666666667,9.46666666667,5.46666666667,5.46666666667,22.4489795918992,68.3673469388614,37.7551020408866,53.061224489874,22.4489795918992,144.897959183798,83.6734693878488,83.6734693878488
2.33333333333,2.33333333333,0.33333333333,3.33333333333,2.33333333333,6.33333333333,8.33333333333,8.33333333333,34.9999999999325,34.9999999999325,4.9999999999475,49.999999999925,34.9999999999325,94.9999999999025,124.999999999887,124.999999999887
5,3,0,7,5,6,4,-4,83.3333333333333,50,0,116.666666666667,83.3333333333333,100,66.6666666666667,-66.6666666666667
4.13333333333,2.13333333333,-3.86666666667,5.13333333333,4.13333333333,1.13333333333,-2.86666666667,-0.86666666667,70.4545454544486,36.3636363635589,-65.9090909091103,87.4999999998935,70.4545454544486,19.318181818114,-48.8636363636654,-14.7727272727757
1.8,0.8,10.8,4.8,-1.2,5.8,1.8,-3.2,25,11.1111111111111,150,66.6666666666667,-16.6666666666667,80.5555555555555,25,-44.4444444444444
1.06666666667,0.0666666666699998,2.06666666667,-0.93333333333,3.06666666667,2.06666666667,2.06666666667,2.06666666667,15.3846153846709,0.961538461586997,29.8076923077547,-13.4615384614969,44.2307692308386,29.8076923077547,29.8076923077547,29.8076923077547
0.4,-0.6,9.4,2.4,2.4,-1.6,1.4,2.4,5.26315789473685,-7.89473684210526,123.684210526316,31.5789473684211,31.5789473684211,-21.0526315789474,18.421052631579,31.5789473684211
2.26666666667,4.26666666667,-0.73333333333,0.26666666667,-4.73333333333,1.26666666667,1.26666666667,0.26666666667,29.3103448276419,55.1724137931703,-9.48275862065064,3.44827586211355,-61.2068965517074,16.3793103448777,16.3793103448777,3.44827586211355
0.53333333333,2.53333333333,5.53333333333,3.53333333333,3.53333333333,4.53333333333,-0.46666666667,2.53333333333,7.14285714280931,33.9285714285116,74.1071428570651,47.3214285713628,47.3214285713628,60.714285714214,-6.25000000004185,33.9285714285116
7.4,5.4,-3.6,3.4,9.4,4.4,0.4,-0.6,97.3684210526316,71.0526315789474,-47.3684210526316,44.7368421052632,123.684210526316,57.8947368421053,5.26315789473685,-7.89473684210526
1.26666666667,2.26666666667,-2.73333333333,-0.73333333333,-0.73333333333,2.26666666667,9.26666666667,-2.73333333333,16.3793103448777,29.3103448276419,-35.344827586179,-9.48275862065064,-9.48275862065064,29.3103448276419,119.827586206991,-35.344827586179
2.53333333333,3.53333333333,-1.46666666667,-1.46666666667,-1.46666666667,5.53333333333,4.53333333333,0.53333333333,33.9285714285116,47.3214285713628,-19.642857142893,-19.642857142893,-19.642857142893,74.1071428570651,60.714285714214,7.14285714280931
5.13333333333,4.13333333333,11.13333333333,8.13333333333,4.13333333333,7.13333333333,-0.86666666667,6.13333333333,65.2542372880656,52.5423728812913,141.525423728711,103.389830508388,52.5423728812913,90.6779661016141,-11.0169491525801,77.9661016948398
0.466666666669999,-0.533333333330001,0.466666666669999,0.466666666669999,2.46666666667,0.466666666669999,1.46666666667,4.46666666667,5.46875000004119,-6.24999999996339,5.46875000004119,5.46875000004119,28.9062500000503,5.46875000004119,17.1875000000458,52.3437500000595
1.2,-0.800000000000001,-2.8,2.2,-2.8,-4.8,8.2,7.2,13.6363636363636,-9.0909090909091,-31.8181818181818,25,-31.8181818181818,-54.5454545454546,93.1818181818182,81.8181818181818
-1.46666666667,-0.466666666669999,2.53333333333,4.53333333333,-0.466666666669999,-4.46666666667,3.53333333333,-1.46666666667,-15.4929577465086,-4.9295774648222,26.7605633802371,47.8873239436099,-4.9295774648222,-47.1830985915679,37.3239436619235,-15.4929577465086
-2.6666666667,2.3333333333,6.3333333333,2.3333333333,5.3333333333,0.333333333300001,3.3333333333,0.333333333300001,-25.0000000002344,21.8749999996191,59.374999999502,21.8749999996191,49.9999999995313,3.12499999967774,31.2499999995898,3.12499999967774
0.8666666667,0.8666666667,0.8666666667,-3.1333333333,-2.1333333333,-2.1333333333,-3.1333333333,-1.1333333333,7.1428571431515,7.1428571431515,7.1428571431515,-25.824175823972,-17.5824175821912,-17.5824175821912,-25.824175823972,-9.34065934041027
-5.1333333333,-3.1333333333,0.8666666667,-4.1333333333,-4.1333333333,-6.1333333333,-1.1333333333,-9.1333333333,-42.3076923075338,-25.824175823972,7.1428571431515,-34.0659340657529,-34.0659340657529,-50.5494505493147,-9.34065934041027,-75.2747252746574
-7.8,-2.8,-0.800000000000001,-3.8,-6.8,-5.8,-0.800000000000001,-4.8,-60.9375,-21.875,-6.25000000000001,-29.6875,-53.125,-45.3125,-6.25000000000001,-37.5
-5.5333333333,5.4666666667,4.4666666667,0.4666666667,0.4666666667,-1.5333333333,-7.5333333333,-0.5333333333,-44.1489361700642,43.6170212769777,35.6382978727012,3.72340425559501,3.72340425559501,-12.2340425529581,-60.1063829786173,-4.25531914868153
0.6,-4.4,-0.4,-6.4,-4.4,2.6,-5.4,2.6,4.83870967741935,-35.4838709677419,-3.22580645161291,-51.6129032258064,-35.4838709677419,20.9677419354839,-43.5483870967742,20.9677419354839
-7.2,-10.2,-4.2,-1.2,4.8,-0.199999999999999,7.8,-4.2,-54.5454545454545,-77.2727272727273,-31.8181818181818,-9.09090909090909,36.3636363636364,-1.51515151515151,59.0909090909091,-31.8181818181818
-4.5333333333,-5.5333333333,-3.5333333333,-5.5333333333,-2.5333333333,-5.5333333333,-5.5333333333,-5.5333333333,-31.1926605503009,-38.0733944952708,-24.311926605331,-38.0733944952708,-17.4311926603611,-38.0733944952708,-38.0733944952708,-38.0733944952708
-0.4,0.6,0.6,-0.4,-5.4,-3.4,0.6,-6.4,-2.77777777777778,4.16666666666666,4.16666666666666,-2.77777777777778,-37.5,-23.6111111111111,4.16666666666666,-44.4444444444444
-5.8,-5.8,3.2,-5.8,-0.800000000000001,-5.8,-3.8,0.199999999999999,-39.1891891891892,-39.1891891891892,21.6216216216216,-39.1891891891892,-5.40540540540541,-39.1891891891892,-25.6756756756757,1.35135135135135
-6.9333333333,-1.9333333333,-4.9333333333,-2.9333333333,-4.9333333333,-2.9333333333,-5.9333333333,-2.9333333333,-46.4285714284518,-12.9464285712343,-33.0357142855648,-19.6428571426778,-33.0357142855648,-19.6428571426778,-39.7321428570083,-19.6428571426778
-4.6,-4.6,-2.6,-5.6,-5.6,-5.6,-8.6,-2.6,-29.4871794871795,-29.4871794871795,-16.6666666666667,-35.8974358974359,-35.8974358974359,-35.8974358974359,-55.1282051282051,-16.6666666666667
4.3333333333,-2.6666666667,-2.6666666667,0.333333333300001,-1.6666666667,-1.6666666667,-3.6666666667,-4.6666666667,29.5454545451601,-18.1818181820041,-18.1818181820041,2.27272727249484,-11.3636363638378,-11.3636363638378,-25.0000000001705,-31.8181818183368
-3.2,-4.2,-7.2,-3.2,-4.2,-3.2,-3.2,6.8,-21.0526315789474,-27.6315789473684,-47.3684210526316,-21.0526315789474,-27.6315789473684,-21.0526315789474,-21.0526315789474,44.7368421052632
-8.6,-1.6,-9.6,-3.6,-3.6,3.4,1.4,-3.6,-63.2352941176471,-11.7647058823529,-70.5882352941177,-26.4705882352941,-26.4705882352941,25,10.2941176470588,-26.4705882352941
-1.7333333333,-8.7333333333,-6.7333333333,-6.7333333333,-3.7333333333,5.2666666667,-0.733333333299999,-4.7333333333,-12.6213592230889,-63.5922330096204,-49.0291262134685,-49.0291262134685,-27.1844660192407,38.3495145634426,-5.33980582501295,-34.4660194173167
4.1333333333,-0.8666666667,4.1333333333,0.1333333333,4.1333333333,3.1333333333,-1.8666666667,-6.8666666667,34.8314606737786,-7.30337078677724,34.8314606737786,1.12359550533392,34.8314606737786,26.4044943816674,-15.7303370788884,-57.8651685394442
6.8,-1.2,-4.2,0.800000000000001,0.800000000000001,-2.2,-1.2,3.8,51.5151515151515,-9.09090909090909,-31.8181818181818,6.06060606060607,6.06060606060607,-16.6666666666667,-9.09090909090909,28.7878787878788
1.8,2.8,1.8,1.8,-0.199999999999999,4.8,-1.2,9.8,16.0714285714286,25,16.0714285714286,16.0714285714286,-1.78571428571428,42.8571428571429,-10.7142857142857,87.5
-2.7333333333,-3.7333333333,1.2666666667,-0.733333333299999,-5.7333333333,1.2666666667,-1.7333333333,8.2666666667,-23.2954545452366,-31.8181818179881,10.7954545457693,-6.24999999973366,-48.8636363634911,10.7954545457693,-14.7727272724851,70.4545454550297
0.5333333333,4.5333333333,5.5333333333,1.5333333333,0.5333333333,-0.4666666667,12.5333333333,-1.4666666667,4.65116279039345,39.5348837205246,48.2558139530574,13.3720930229262,4.65116279039345,-4.06976744213933,109.302325580787,-12.7906976746721
5,-5,3,-2,-6,5,15,6,41.6666666666667,-41.6666666666667,25,-16.6666666666667,-50,41.6666666666667,125,50
-4.6666666667,-1.6666666667,3.3333333333,-1.6666666667,-0.666666666699999,6.3333333333,24.3333333333,-3.6666666667,-43.7500000001758,-15.6250000002637,31.2499999995898,-15.6250000002637,-6.25000000029296,59.374999999502,228.124999998975,-34.3750000002051
-3.2,-3.2,-3.2,-10.2,0.800000000000001,1.8,9.8,-3.2,-24.2424242424242,-24.2424242424242,-24.2424242424242,-77.2727272727273,6.06060606060607,13.6363636363636,74.2424242424242,-24.2424242424242
-0.666666666699999,6.3333333333,1.3333333333,11.3333333333,-1.6666666667,3.3333333333,6.3333333333,0.333333333300001,-5.26315789498615,49.9999999996053,10.5263157891828,89.4736842100277,-13.1578947370706,26.3157894733518,49.9999999996053,2.63157894709834
2.8666666667,-4.1333333333,-3.1333333333,-1.1333333333,-4.1333333333,1.8666666667,5.8666666667,-3.1333333333,20.2830188682082,-29.245283018701,-22.1698113205712,-8.01886792431136,-29.245283018701,13.2075471700783,41.5094339625979,-22.1698113205712
0.800000000000001,12.8,-3.2,-2.2,6.8,-2.2,1.8,-5.2,6.06060606060607,96.969696969697,-24.2424242424242,-16.6666666666667,51.5151515151515,-16.6666666666667,13.6363636363636,-39.3939393939394
-0.333333333300001,-3.3333333333,-4.3333333333,-4.3333333333,-4.3333333333,-10.3333333333,-10.3333333333,-6.3333333333,-2.1739130432656,-21.7391304346125,-28.2608695650614,-28.2608695650614,-28.2608695650614,-67.3913043477552,-67.3913043477552,-41.3043478259594
-0.199999999999999,-8.2,-6.2,1.8,-4.2,-5.2,-5.2,-7.2,-1.31578947368421,-53.9473684210526,-40.7894736842105,11.8421052631579,-27.6315789473684,-34.2105263157895,-34.2105263157895,-47.3684210526316
-2,-3,-4,-7,-10,-7,-5,-4,-12.5,-18.75,-25,-43.75,-62.5,-43.75,-31.25,-25
3.0666666667,-6.9333333333,-10.9333333333,-8.9333333333,-2.9333333333,-2.9333333333,-3.9333333333,2.0666666667,20.5357142859833,-46.4285714284518,-73.2142857142259,-59.8214285713389,-19.6428571426778,-19.6428571426778,-26.3392857141213,13.8392857145398
0.600000000000001,-8.4,-7.4,2.6,-4.4,-5.4,-9.4,0.600000000000001,3.65853658536586,-51.219512195122,-45.1219512195122,15.8536585365854,-26.8292682926829,-32.9268292682927,-57.3170731707317,3.65853658536586
-4.8,-8.8,3.2,-1.8,0.199999999999999,-1.8,-4.8,-1.8,-32.4324324324324,-59.4594594594595,21.6216216216216,-12.1621621621622,1.35135135135135,-12.1621621621622,-32.4324324324324,-12.1621621621622
-7.6666666667,-1.6666666667,-7.6666666667,-0.666666666699999,3.3333333333,1.3333333333,-3.6666666667,-1.6666666667,-46.000000000108,-10.00000000018,-46.000000000108,-4.000000000192,19.99999999976,7.999999999784,-22.000000000156,-10.00000000018
-3.6,-4.6,0.399999999999999,-6.6,-1.6,-5.6,2.4,0.399999999999999,-20.4545454545455,-26.1363636363636,2.27272727272726,-37.5,-9.0909090909091,-31.8181818181818,13.6363636363636,2.27272727272726
-6.2666666667,3.7333333333,-6.2666666667,4.7333333333,-4.2666666667,-1.2666666667,-8.2666666667,-11.2666666667,-34.3065693431856,20.4379562041598,-34.3065693431856,25.9124087588943,-23.3576642337165,-6.9343065695129,-45.2554744526546,-61.6788321168583
-9.2666666667,-3.2666666667,-10.2666666667,3.7333333333,-7.2666666667,-5.2666666667,-7.2666666667,-13.2666666667,-56.9672131148423,-20.0819672132785,-63.1147540984362,22.9508196718792,-44.6721311476544,-32.3770491804664,-44.6721311476544,-81.5573770492181
-12.4666666667,-5.4666666667,-8.4666666667,-5.4666666667,-3.4666666667,1.5333333333,-2.4666666667,3.5333333333,-71.3740458015813,-31.2977099237952,-48.4732824428464,-31.2977099237952,-19.8473282444278,8.77862595399088,-14.122137404744,20.2290076333583
1.0666666667,-1.9333333333,-0.9333333333,-4.9333333333,0.0666666666999998,2.0666666667,-1.9333333333,2.0666666667,7.1428571430963,-12.9464285712343,-6.24999999979074,-33.0357142855648,0.446428571652781,13.8392857145398,-12.9464285712343,13.8392857145398
-0.4666666667,-0.4666666667,-1.4666666667,-0.4666666667,-4.4666666667,-4.4666666667,-8.4666666667,-5.4666666667,-2.67175572537658,-2.67175572537658,-8.39694656506031,-2.67175572537658,-25.5725190841115,-25.5725190841115,-48.4732824428464,-31.2977099237952
-0.199999999999999,-2.2,-5.2,-4.2,-2.2,-1.2,-2.2,-0.199999999999999,-1.31578947368421,-14.4736842105263,-34.2105263157895,-27.6315789473684,-14.4736842105263,-7.89473684210526,-14.4736842105263,-1.31578947368421
-5.5333333333,1.4666666667,1.4666666667,-5.5333333333,-5.5333333333,-10.5333333333,-2.5333333333,-3.5333333333,-33.4677419353497,8.87096774215498,8.87096774215498,-33.4677419353497,-33.4677419353497,-63.7096774192817,-15.3225806449906,-21.370967741777
-4.4,-2.4,0.6,1.6,4.6,-8.4,0.6,5.6,-30.5555555555556,-16.6666666666667,4.16666666666666,11.1111111111111,31.9444444444444,-58.3333333333333,4.16666666666666,38.8888888888889
-1.0666666667,2.9333333333,9.9333333333,6.9333333333,-3.0666666667,-4.0666666667,2.9333333333,-0.0666666666999998,-7.07964601790469,19.4690265484083,65.9292035394559,46.0176991147212,-20.3539823010612,-26.9911504426394,19.4690265484083,-0.442477876326453
1,10,1,3,7,-8,3,-5,6.25,62.5,6.25,18.75,43.75,-50,18.75,-31.25
-7.8666666667,-0.866666666699999,-4.8666666667,4.1333333333,-3.8666666667,-2.8666666667,10.1333333333,0.133333333300001,-44.0298507463731,-4.85074626883423,-27.238805970285,23.1343283579792,-21.6417910449223,-16.0447761195596,56.7164179101554,0.746268656528466
-6.2666666667,-6.2666666667,3.7333333333,2.7333333333,-10.2666666667,-1.2666666667,7.7333333333,-8.2666666667,-38.5245901640604,-38.5245901640604,22.9508196718792,16.8032786882852,-63.1147540984362,-7.78688524609061,47.540983606255,-50.8196721312483
-8.1333333333,0.866666666699999,-4.1333333333,-0.133333333300001,-2.1333333333,-12.1333333333,-5.1333333333,-15.1333333333,-44.8529411763692,4.77941176489848,-22.7941176469169,-0.735294117464594,-11.7647058821907,-66.9117647058215,-28.30882352928,-83.4558823529108
-4.2666666667,-5.2666666667,1.7333333333,-5.2666666667,1.7333333333,1.7333333333,-0.266666666700001,-5.2666666667,-26.2295081968725,-32.3770491804664,10.6557377046913,-32.3770491804664,10.6557377046913,10.6557377046913,-1.63934426249665,-32.3770491804664
2.4,-3.6,-1.6,7.4,0.399999999999999,-2.6,-0.600000000000001,-9.6,13.6363636363636,-20.4545454545455,-9.0909090909091,42.0454545454545,2.27272727272726,-14.7727272727273,-3.40909090909092,-54.5454545454546
-7.4,-0.399999999999999,1.6,-3.4,-10.4,-3.4,-3.4,-11.4,-45.1219512195122,-2.43902439024389,9.75609756097562,-20.7317073170732,-63.4146341463415,-20.7317073170732,-20.7317073170732,-69.5121951219512
-12.1333333333,-6.1333333333,-6.1333333333,1.8666666667,-10.1333333333,-13.1333333333,-13.1333333333,-1.1333333333,-66.9117647058215,-33.8235294116431,-33.8235294116431,10.2941176472616,-55.8823529410954,-72.4264705881846,-72.4264705881846,-6.24999999982767
-3.8666666667,-2.8666666667,-8.8666666667,2.1333333333,-5.8666666667,-7.8666666667,-8.8666666667,-5.8666666667,-21.6417910449223,-16.0447761195596,-49.6268656717358,11.9402985072538,-32.8358208956477,-44.0298507463731,-49.6268656717358,-32.8358208956477
-3.2,-9.2,-14.2,2.8,-4.2,-3.2,-13.2,-1.2,-16.6666666666667,-47.9166666666667,-73.9583333333333,14.5833333333333,-21.875,-16.6666666666667,-68.75,-6.25
1.0666666667,-5.9333333333,-7.9333333333,-7.9333333333,-1.9333333333,-1.9333333333,-0.933333333299998,-1.9333333333,5.63380281708739,-31.3380281688932,-41.9014084506019,-41.9014084506019,-10.2112676054757,-10.2112676054757,-4.92957746462135,-10.2112676054757
-4.1333333333,-5.1333333333,-10.1333333333,-15.1333333333,-6.1333333333,-10.1333333333,0.866666666699999,-0.133333333300001,-20.5298013243717,-25.4966887415985,-50.3311258277323,-75.1655629138662,-30.4635761588253,-50.3311258277323,4.30463576176209,-0.662251655464679
-7.6666666667,-4.6666666667,-4.6666666667,-12.6666666667,0.333333333300001,-7.6666666667,-2.6666666667,6.3333333333,-41.0714285715338,-25.0000000001339,-25.0000000001339,-67.8571428572003,1.78571428553253,-41.0714285715338,-14.2857142858673,33.9285714283323
-6.6,-14.6,-4.6,-9.6,-8.6,-4.6,-9.6,-4.6,-30.5555555555556,-67.5925925925926,-21.2962962962963,-44.4444444444444,-39.8148148148148,-21.2962962962963,-44.4444444444444,-21.2962962962963
-2.1333333333,-8.1333333333,-7.1333333333,-6.1333333333,-3.1333333333,-6.1333333333,-10.1333333333,0.866666666699999,-10.5960264899182,-40.3973509932788,-35.430463576052,-30.4635761588253,-15.562913907145,-30.4635761588253,-50.3311258277323,4.30463576176209
-10.1333333333,-6.1333333333,-2.1333333333,-14.1333333333,-8.1333333333,-3.1333333333,-12.1333333333,-8.1333333333,-45.7831325300388,-27.7108433733851,-9.63855421673139,-63.8554216866926,-36.746987951712,-14.1566265058948,-54.8192771083657,-36.746987951712
-7.8,-5.8,4.2,-11.8,-9.8,-9.8,-10.8,4.2,-37.5,-27.8846153846154,20.1923076923077,-56.7307692307692,-47.1153846153846,-47.1153846153846,-51.9230769230769,20.1923076923077
-9.0666666667,-5.0666666667,-0.0666666667000015,-10.0666666667,-12.0666666667,0.933333333299998,-5.0666666667,0.933333333299998,-43.0379746836344,-24.0506329115126,-0.316455696360266,-47.7848101266649,-57.2784810127258,4.4303797466702,-24.0506329115126,4.4303797466702
-0.199999999999999,1.8,3.8,-0.199999999999999,-5.2,2.8,-0.199999999999999,-3.2,-1.04166666666666,9.375,19.7916666666667,-1.04166666666666,-27.0833333333333,14.5833333333333,-1.04166666666666,-16.6666666666667
-2,-1,-2,-9,-1,1,-7,-13,-9.09090909090909,-4.54545454545455,-9.09090909090909,-40.9090909090909,-4.54545454545455,4.54545454545455,-31.8181818181818,-59.0909090909091
6.0666666667,3.0666666667,-0.933333333299998,0.0666666667000015,-0.933333333299998,2.0666666667,-8.9333333333,-7.9333333333,32.0422535213592,16.1971830987961,-4.92957746462135,0.352112676233022,-4.92957746462135,10.9154929579418,-47.1830985914563,-41.9014084506019
1.6,-7.4,0.600000000000001,-7.4,-0.399999999999999,-0.399999999999999,-2.4,-0.399999999999999,7.84313725490197,-36.2745098039216,2.94117647058824,-36.2745098039216,-1.96078431372548,-1.96078431372548,-11.7647058823529,-1.96078431372548
4.7333333333,0.733333333299999,1.7333333333,-5.2666666667,-0.266666666700001,-3.2666666667,-12.2666666667,-8.2666666667,23.3552631576918,3.61842105246115,8.55263157876882,-25.9868421053849,-1.31578947384652,-16.1184210527695,-60.5263157895386,-40.7894736843079
-4.9333333333,-4.9333333333,6.0666666667,-7.9333333333,-5.9333333333,-2.9333333333,-3.9333333333,-12.9333333333,-23.56687898077,-23.56687898077,28.9808917199506,-37.8980891718756,-28.3439490444719,-14.0127388533663,-18.7898089170681,-61.783439490385
-9.4666666667,-4.4666666667,-7.4666666667,-10.4666666667,-0.4666666667,-6.4666666667,-6.4666666667,-5.4666666667,-44.0993788820744,-20.807453416272,-34.7826086957534,-48.7577639752348,-2.17391304363017,-30.124223602593,-30.124223602593,-25.4658385094325
-6.2,-3.2,-2.2,-12.2,-6.2,-3.2,-14.2,-7.2,-29.2452830188679,-15.0943396226415,-10.377358490566,-57.5471698113208,-29.2452830188679,-15.0943396226415,-66.9811320754717,-33.9622641509434
-7.0666666667,1.9333333333,-2.0666666667,-17.0666666667,-9.0666666667,-1.0666666667,0.933333333299998,-9.0666666667,-33.5443037975735,9.17721518970066,-9.81012658242119,-81.0126582278781,-43.0379746836344,-5.06329113939073,4.4303797466702,-43.0379746836344
-7.8,-9.8,-3.8,-17.8,-9.8,-1.8,-6.8,-13.8,-34.2105263157895,-42.9824561403509,-16.6666666666667,-78.0701754385965,-42.9824561403509,-7.89473684210527,-29.8245614035088,-60.5263157894737
-8.6,-7.6,0.399999999999999,-5.6,-7.6,-5.6,-8.6,-6.6,-39.8148148148148,-35.1851851851852,1.85185185185185,-25.9259259259259,-35.1851851851852,-25.9259259259259,-39.8148148148148,-30.5555555555556
-8.3333333333,-9.3333333333,-2.3333333333,-2.3333333333,-6.3333333333,-13.3333333333,-4.3333333333,-4.3333333333,-35.7142857141939,-39.9999999999143,-9.99999999987143,-9.99999999987143,-27.1428571427531,-57.1428571427959,-18.5714285713122,-18.5714285713122
2.0666666667,-7.9333333333,-8.9333333333,-2.9333333333,-4.9333333333,-4.9333333333,-2.9333333333,-6.9333333333,9.87261146514312,-37.8980891718756,-42.6751592355775,-14.0127388533663,-23.56687898077,-23.56687898077,-14.0127388533663,-33.1210191081738
-2.4666666667,-2.4666666667,-9.4666666667,-7.4666666667,-11.4666666667,-10.4666666667,0.5333333333,2.5333333333,-11.4906832299511,-11.4906832299511,-44.0993788820744,-34.7826086957534,-53.4161490683953,-48.7577639752348,2.4844720495303,11.8012422358512
-1.8666666667,-8.8666666667,-11.8666666667,-10.8666666667,-10.8666666667,-6.8666666667,-12.8666666667,-9.8666666667,-8.53658536599308,-40.5487804878955,-54.2682926829965,-49.6951219512962,-49.6951219512962,-31.4024390244948,-58.8414634146969,-45.1219512195958
-9.2,-3.2,-7.2,-12.2,-5.2,-11.2,-4.2,-17.2,-39.6551724137931,-13.7931034482759,-31.0344827586207,-52.5862068965517,-22.4137931034483,-48.2758620689655,-18.1034482758621,-74.1379310344828
-2.2,-9.2,1.8,-9.2,-8.2,-5.2,1.8,-8.2,-10.377358490566,-43.3962264150943,8.49056603773585,-43.3962264150943,-38.6792452830189,-24.5283018867925,8.49056603773585,-38.6792452830189
-18.5333333333,-8.5333333333,-3.5333333333,-11.5333333333,-10.5333333333,-10.5333333333,-5.5333333333,-9.5333333333,-82.2485207100329,-37.8698224851152,-15.6804733726563,-51.1834319525905,-46.7455621300987,-46.7455621300987,-24.5562130176399,-42.307692307607
-6.2666666667,-6.2666666667,-12.2666666667,-6.2666666667,-13.2666666667,-4.2666666667,-9.2666666667,-11.2666666667,-28.1437125749579,-28.1437125749579,-55.0898203593487,-28.1437125749579,-59.5808383234138,-19.1616766468276,-41.6167664671533,-50.5988023952835
-10.4,-11.4,-11.4,-11.4,-12.4,-6.4,-12.4,-8.4,-46.4285714285714,-50.8928571428571,-50.8928571428571,-50.8928571428571,-55.3571428571428,-28.5714285714286,-55.3571428571428,-37.5
-6.1333333333,-12.1333333333,-10.1333333333,-0.133333333300001,-8.1333333333,-4.1333333333,-12.1333333333,-9.1333333333,-27.7108433733851,-54.8192771083657,-45.7831325300388,-0.602409638404528,-36.746987951712,-18.6746987950583,-54.8192771083657,-41.2650602408754
-9.7333333333,-14.7333333333,-3.7333333333,-8.7333333333,-11.7333333333,-0.733333333299999,-7.7333333333,-1.7333333333,-44.7852760735349,-67.7914110428954,-17.1779141103024,-40.1840490796629,-53.9877300612791,-3.37423312868615,-35.5828220857908,-7.97546012255824
-8,-6,-1,-6,2,-4,-11,-6,-40,-30,-5,-30,10,-20,-55,-30
-12.0666666667,-8.0666666667,-7.0666666667,-13.0666666667,-7.0666666667,-17.0666666667,-5.0666666667,-5.0666666667,-57.2784810127258,-38.291139240604,-33.5443037975735,-62.0253164557563,-33.5443037975735,-81.0126582278781,-24.0506329115126,-24.0506329115126
-4.8666666667,-5.8666666667,-6.8666666667,0.133333333300001,-12.8666666667,-13.8666666667,-8.8666666667,-5.8666666667,-24.4966442954287,-29.5302013424001,-34.5637583893715,0.671140939428411,-64.7651006712001,-69.7986577181715,-44.6308724833144,-29.5302013424001
-6.3333333333,-9.3333333333,-7.3333333333,-4.3333333333,-9.3333333333,-8.3333333333,-5.3333333333,-12.3333333333,-32.7586206895392,-48.2758620688763,-37.9310344826516,-22.4137931033145,-48.2758620688763,-43.103448275764,-27.5862068964269,-63.7931034482134
1.4,1.4,0.399999999999999,-1.6,-7.6,-10.6,-3.6,-9.6,7.95454545454545,7.95454545454545,2.27272727272726,-9.0909090909091,-43.1818181818182,-60.2272727272727,-20.4545454545455,-54.5454545454546
-4.4666666667,-11.4666666667,-4.4666666667,-6.4666666667,-5.4666666667,-0.4666666667,-4.4666666667,-8.4666666667,-25.5725190841115,-65.6488549618976,-25.5725190841115,-37.022900763479,-31.2977099237952,-2.67175572537658,-25.5725190841115,-48.4732824428464
2.2,-11.8,-4.8,1.2,-2.8,-7.8,3.2,-1.8,13.0952380952381,-70.2380952380952,-28.5714285714286,7.14285714285714,-16.6666666666667,-46.4285714285714,19.047619047619,-10.7142857142857
-5,-12,-4,4,-1,-8,-7,-4,-27.7777777777778,-66.6666666666667,-22.2222222222222,22.2222222222222,-5.55555555555556,-44.4444444444444,-38.8888888888889,-22.2222222222222
0.333333333300001,-4.6666666667,-0.666666666699999,7.3333333333,-0.666666666699999,-5.6666666667,-8.6666666667,0.333333333300001,1.999999999796,-28.000000000144,-4.000000000192,43.999999999712,-4.000000000192,-34.000000000132,-52.000000000096,1.999999999796
-14.3333333333,-9.3333333333,-11.3333333333,1.6666666667,-0.333333333300001,-6.3333333333,-6.3333333333,-11.3333333333,-74.1379310344382,-48.2758620688763,-58.6206896551011,8.62068965535969,-1.72413793086504,-32.7586206895392,-32.7586206895392,-58.6206896551011
2.2,-3.8,-12.8,-0.800000000000001,-7.8,2.2,-7.8,-10.8,11.7021276595745,-20.2127659574468,-68.0851063829787,-4.25531914893617,-41.4893617021277,11.7021276595745,-41.4893617021277,-57.4468085106383
-3.1333333333,-8.1333333333,0.866666666699999,-8.1333333333,-5.1333333333,-6.1333333333,-0.133333333300001,Inf,-17.2794117645538,-44.8529411763692,4.77941176489848,-44.8529411763692,-28.30882352928,-33.8235294116431,-0.735294117464594,Inf
2.8,-7.2,-3.2,0.800000000000001,-0.199999999999999,-6.2,8.8,Inf,16.2790697674419,-41.8604651162791,-18.6046511627907,4.65116279069768,-1.16279069767441,-36.046511627907,51.1627906976744,Inf
0.800000000000001,-1.2,3.8,-7.2,-7.2,-2.2,5.8,Inf,4.65116279069768,-6.97674418604651,22.093023255814,-41.8604651162791,-41.8604651162791,-12.7906976744186,33.7209302325581,Inf
-3.7333333333,3.2666666667,-5.7333333333,-6.7333333333,-5.7333333333,-4.7333333333,-4.7333333333,Inf,-23.7288135591604,20.7627118646626,-36.440677965967,-42.7966101693703,-36.440677965967,-30.0847457625637,-30.0847457625637,Inf
-8.6666666667,-2.6666666667,-3.6666666667,-9.6666666667,3.3333333333,-4.6666666667,-8.6666666667,Inf,-52.000000000096,-16.000000000168,-22.000000000156,-58.000000000084,19.99999999976,-28.000000000144,-52.000000000096,Inf
-6.5333333333,-7.5333333333,-0.5333333333,1.4666666667,-4.5333333333,0.4666666667,-10.5333333333,Inf,-44.9541284402407,-51.8348623852106,-3.66972477042126,10.0917431195186,-31.1926605503009,3.21100917454865,-72.4770642201204,Inf
-9.4666666667,-4.4666666667,-7.4666666667,4.5333333333,-7.4666666667,-9.4666666667,-6.4666666667,Inf,-61.2068965518077,-28.8793103449809,-48.275862069077,29.3103448273075,-48.275862069077,-61.2068965518077,-41.8103448277116,Inf
-0.0666666666999998,-2.0666666667,3.9333333333,3.9333333333,-1.0666666667,-12.0666666667,-1.0666666667,Inf,-0.442477876326453,-13.7168141594829,26.1061946899865,26.1061946899865,-7.07964601790469,-80.0884955752653,-7.07964601790469,Inf
4.1333333333,1.1333333333,-7.8666666667,-7.8666666667,2.1333333333,-2.8666666667,-3.8666666667,Inf,26.0504201678024,7.14285714263205,-49.579831932879,-49.579831932879,13.4453781510222,-18.0672268909284,-24.3697478993186,Inf
-0.333333333300001,-4.3333333333,-7.3333333333,-3.3333333333,0.666666666699999,-4.3333333333,-1.3333333333,Inf,-2.1739130432656,-28.2608695650614,-47.8260869564083,-21.7391304346125,4.34782608718336,-28.2608695650614,-8.69565217371456,Inf
-0.4666666667,0.5333333333,-3.4666666667,-2.4666666667,-3.4666666667,-4.4666666667,1.5333333333,Inf,-3.01724137951936,3.44827586184602,-22.4137931036155,-15.9482758622501,-22.4137931036155,-28.8793103449809,9.91379310321139,Inf
3.5333333333,-1.4666666667,3.5333333333,-1.4666666667,0.5333333333,-2.4666666667,2.5333333333,Inf,26.2376237620638,-10.8910891091315,26.2376237620638,-10.8910891091315,3.96039603934663,-18.3168316833705,18.8118811878247,Inf
8.8,2.8,-7.2,0.800000000000001,-5.2,-5.2,-2.2,Inf,57.8947368421053,18.421052631579,-47.3684210526316,5.26315789473685,-34.2105263157895,-34.2105263157895,-14.4736842105263,Inf
6.2666666667,0.266666666700001,1.2666666667,-0.733333333299999,-3.7333333333,1.2666666667,-2.7333333333,Inf,53.4090909095267,2.27272727301783,10.7954545457693,-6.24999999973366,-31.8181818179881,10.7954545457693,-23.2954545452366,Inf
-0.733333333299999,3.2666666667,-4.7333333333,-1.7333333333,2.2666666667,1.2666666667,-5.7333333333,Inf,-5.33980582501295,23.7864077672908,-34.4660194173167,-12.6213592230889,16.5048543692148,9.2233009711389,-41.7475728153926,Inf
-5.2,1.8,-1.2,0.800000000000001,-5.2,1.8,Inf,-5.2,-39.3939393939394,13.6363636363636,-9.09090909090909,6.06060606060607,-39.3939393939394,13.6363636363636,Inf,-39.3939393939394
-6.8,-1.8,5.2,-7.8,-2.8,-2.8,Inf,-6.8,-53.125,-14.0625,40.625,-60.9375,-21.875,-21.875,Inf,-53.125
4.4,9.4,-1.6,-0.6,0.4,6.4,Inf,-5.6,37.9310344827586,81.0344827586207,-13.7931034482759,-5.17241379310345,3.44827586206897,55.1724137931034,Inf,-48.2758620689655
0.5333333333,1.5333333333,-0.4666666667,1.5333333333,1.5333333333,2.5333333333,Inf,-8.4666666667,3.96039603934663,11.3861386135857,-3.46534653489241,11.3861386135857,11.3861386135857,18.8118811878247,Inf,-62.8712871288048
8,-1,-2,6,-4,0,Inf,-5,66.6666666666667,-8.33333333333333,-16.6666666666667,50,-33.3333333333333,0,Inf,-41.6666666666667
0.199999999999999,-4.8,-4.8,1.2,-5.8,6.2,Inf,2.2,1.56249999999999,-37.5,-37.5,9.37499999999999,-45.3125,48.4375,Inf,17.1875
3.8,-6.2,2.8,2.8,3.8,11.8,Inf,3.8,33.9285714285714,-55.3571428571428,25,25,33.9285714285714,105.357142857143,Inf,33.9285714285714
-1.5333333333,-3.5333333333,4.4666666667,-3.5333333333,9.4666666667,12.4666666667,Inf,-1.5333333333,-14.5569620250461,-33.5443037972581,42.4050632915899,-33.5443037972581,89.8734177221199,118.354430380438,Inf,-14.5569620250461
-4.4,5.6,3.6,4.6,8.6,4.6,Inf,-1.4,-35.4838709677419,45.1612903225806,29.0322580645161,37.0967741935484,69.3548387096774,37.0967741935484,Inf,-11.2903225806452
-1.8666666667,-1.8666666667,2.1333333333,-2.8666666667,6.1333333333,3.1333333333,Inf,4.1333333333,-15.7303370788884,-15.7303370788884,17.9775280895562,-24.1573033709996,51.6853932580009,26.4044943816674,Inf,34.8314606737786
1.0666666667,-0.9333333333,0.0666666666999998,-3.9333333333,0.0666666666999998,6.0666666667,Inf,5.0666666667,9.75609756131023,-8.53658536557481,0.60975609786771,-35.9756097559024,0.60975609786771,55.4878048785228,Inf,46.3414634150803
-1.9333333333,4.0666666667,0.0666666666999998,3.0666666667,7.0666666667,4.0666666667,Inf,-2.9333333333,-17.6829268290173,37.1951219516378,0.60975609786771,28.0487804881953,64.6341463419653,37.1951219516378,Inf,-26.8292682924598
1,-2,4,12,-3,3,Inf,-5,10,-20,40,120,-30,30,Inf,-50
-0.5333333333,-1.5333333333,-1.5333333333,0.4666666667,-4.5333333333,-1.5333333333,Inf,5.4666666667,-5.06329113894007,-14.5569620250461,-14.5569620250461,4.43037974716592,-43.037974683364,-14.5569620250461,Inf,51.8987341776959
1.66666666667,1.66666666667,-0.33333333333,4.66666666667,7.66666666667,-0.33333333333,Inf,-0.33333333333,17.857142857185,17.857142857185,-3.57142857139413,50.0000000000536,82.1428571429222,-3.57142857139413,Inf,-3.57142857139413
-2.1333333333,2.8666666667,-1.1333333333,-0.1333333333,0.8666666667,Inf,-8.1333333333,2.8666666667,-21.0526315786877,28.2894736846325,-11.1842105260236,-1.31578947335959,8.55263157930445,Inf,-80.2631578946719,28.2894736846325
-6.73333333333,-0.73333333333,7.26666666667,6.26666666667,5.26666666667,Inf,-4.73333333333,0.26666666667,-69.1780821917703,-7.5342465753108,74.6575342466352,64.3835616438919,54.1095890411487,Inf,-48.6301369862838,2.73972602743244
-2.2666666667,2.7333333333,-1.2666666667,-1.2666666667,-0.266666666700001,Inf,1.7333333333,-2.2666666667,-22.0779220781751,26.6233766229655,-12.337662337947,-12.337662337947,-2.59740259771885,Inf,16.8831168827374,-22.0779220781751
1.66666666667,4.66666666667,4.66666666667,6.66666666667,-0.33333333333,Inf,-1.33333333333,1.66666666667,17.857142857185,50.0000000000536,50.0000000000536,71.4285714286327,-3.57142857139413,Inf,-14.2857142856837,17.857142857185
6.53333333333,-1.46666666667,-0.466666666669999,5.53333333333,2.53333333333,Inf,-3.46666666667,7.53333333333,69.0140845069828,-15.4929577465086,-4.9295774648222,58.4507042252963,26.7605633802371,Inf,-36.6197183098815,79.5774647886692
0.800000000000001,-2.2,-1.2,9.8,-6.2,Inf,2.8,7.8,8.69565217391305,-23.9130434782609,-13.0434782608696,106.521739130435,-67.3913043478261,Inf,30.4347826086957,84.7826086956522
4.4,1.4,-6.6,-2.6,-1.6,Inf,2.4,7.4,37.9310344827586,12.0689655172414,-56.8965517241379,-22.4137931034483,-13.7931034482759,Inf,20.6896551724138,63.7931034482759
5.7333333333,-3.2666666667,0.733333333299999,4.7333333333,-4.2666666667,Inf,-3.2666666667,-0.266666666700001,46.7391304343839,-26.6304347828081,5.97826086927723,38.5869565213625,-34.7826086958294,Inf,-26.6304347828081,-2.1739130437441
6.3333333333,-2.6666666667,0.333333333300001,0.333333333300001,2.3333333333,Inf,-2.6666666667,-3.6666666667,59.374999999502,-25.0000000002344,3.12499999967774,3.12499999967774,21.8749999996191,Inf,-25.0000000002344,-34.3750000002051
-1.3333333333,3.6666666667,-1.3333333333,-2.3333333333,2.6666666667,Inf,-1.3333333333,2.6666666667,-11.7647058820934,32.3529411768599,-11.7647058820934,-20.5882352938841,23.5294117650692,Inf,-11.7647058820934,23.5294117650692
3.6666666667,1.6666666667,-1.3333333333,-2.3333333333,-0.333333333300001,Inf,1.6666666667,-3.3333333333,32.3529411768599,14.7058823532785,-11.7647058820934,-20.5882352938841,-2.94117647030277,Inf,14.7058823532785,-29.4117647056747
1.2666666667,-4.7333333333,1.2666666667,-6.7333333333,-5.7333333333,Inf,9.2666666667,0.266666666700001,10.7954545457693,-40.3409090907396,10.7954545457693,-57.3863636362426,-48.8636363634911,Inf,78.9772727277812,2.27272727301783
1,3,-3,-2,-2,Inf,2,-1,8.33333333333333,25,-25,-16.6666666666667,-16.6666666666667,Inf,16.6666666666667,-8.33333333333333
-3.6666666667,0.333333333300001,-8.6666666667,-0.666666666699999,1.3333333333,Inf,-2.6666666667,0.333333333300001,-28.9473684212396,2.63157894709834,-68.4210526316621,-5.26315789498615,10.5263157891828,Inf,-21.0526315791551,2.63157894709834
-1.4666666667,1.5333333333,0.5333333333,-4.4666666667,0.5333333333,Inf,8.5333333333,8.5333333333,-12.7906976746721,13.3720930229262,4.65116279039345,-38.9534883722705,4.65116279039345,Inf,74.4186046506558,74.4186046506558
2.9333333333,7.9333333333,-4.0666666667,0.9333333333,Inf,5.9333333333,5.9333333333,0.9333333333,26.5060240960045,71.6867469874347,-36.7469879519978,8.43373493943243,Inf,53.6144578308626,53.6144578308626,8.43373493943243
1,6,2,-3,Inf,1,-5,-4,8.33333333333333,50,16.6666666666667,-25,Inf,8.33333333333333,-41.6666666666667,-33.3333333333333
6.3333333333,3.3333333333,-5.6666666667,-2.6666666667,Inf,-0.666666666699999,-6.6666666667,-3.6666666667,49.9999999996053,26.3157894733518,-44.7368421054086,-21.0526315791551,Inf,-5.26315789498615,-52.6315789474931,-28.9473684212396
0.8666666667,-3.1333333333,-5.1333333333,3.8666666667,Inf,0.8666666667,1.8666666667,-3.1333333333,7.1428571431515,-25.824175823972,-42.3076923075338,31.8681318684941,Inf,7.1428571431515,15.3846153849324,-25.824175823972
-2.6666666667,-0.666666666699999,-3.6666666667,0.333333333300001,Inf,-2.6666666667,-1.6666666667,-4.6666666667,-21.0526315791551,-5.26315789498615,-28.9473684212396,2.63157894709834,Inf,-21.0526315791551,-13.1578947370706,-36.8421052633241
-5.9333333333,-2.9333333333,5.0666666667,-2.9333333333,Inf,-7.9333333333,-9.9333333333,-1.9333333333,-45.8762886596543,-22.6804123709347,39.1752577323175,-22.6804123709347,Inf,-61.3402061854674,-76.8041237112804,-14.9484536080282
2.4,4.4,2.4,-7.6,Inf,-5.6,0.4,-0.6,20.6896551724138,37.9310344827586,20.6896551724138,-65.5172413793103,Inf,-48.2758620689655,3.44827586206897,-5.17241379310345
-5.0666666667,-1.0666666667,1.9333333333,1.9333333333,Inf,0.9333333333,-5.0666666667,4.9333333333,-45.7831325302838,-9.63855421713964,17.4698795177185,17.4698795177185,Inf,8.43373493943243,-45.7831325302838,44.5783132525766
-4,2,-3,2,Inf,-1,-2,-1,-40,20,-30,20,Inf,-10,-20,-10
-2.8,-0.800000000000001,-5.8,-4.8,Inf,-1.8,-0.800000000000001,-5.8,-25.9259259259259,-7.40740740740741,-53.7037037037037,-44.4444444444444,Inf,-16.6666666666667,-7.40740740740741,-53.7037037037037
2.2666666667,-8.7333333333,-4.7333333333,0.266666666700001,Inf,-6.7333333333,-0.733333333299999,-3.7333333333,19.3181818185208,-74.4318181817455,-40.3409090907396,2.27272727301783,Inf,-57.3863636362426,-6.24999999973366,-31.8181818179881
-4.2666666667,-7.2666666667,-6.2666666667,-4.2666666667,Inf,-5.2666666667,-2.2666666667,-3.2666666667,-34.7826086958294,-59.2391304348934,-51.0869565218721,-34.7826086958294,Inf,-42.9347826088507,-18.4782608697868,-26.6304347828081
-6.2,0.800000000000001,1.8,0.800000000000001,Inf,-3.2,-0.199999999999999,-8.2,-55.3571428571428,7.14285714285715,16.0714285714286,7.14285714285715,Inf,-28.5714285714286,-1.78571428571428,-73.2142857142857
-6.0666666667,-4.0666666667,2.9333333333,-5.0666666667,Inf,-7.0666666667,-6.0666666667,0.9333333333,-54.8192771085698,-36.7469879519978,26.5060240960045,-45.7831325302838,Inf,-63.8554216868558,-54.8192771085698,8.43373493943243
6.8666666667,-6.1333333333,-4.1333333333,-3.1333333333,Inf,-7.1333333333,-0.1333333333,2.8666666667,56.5934065938368,-50.5494505493147,-34.0659340657529,-25.824175823972,Inf,-58.7912087910956,-1.09890109862939,23.6263736267133
-6.7333333333,-4.7333333333,0.266666666700001,Inf,0.266666666700001,-6.7333333333,0.266666666700001,8.2666666667,-57.3863636362426,-40.3409090907396,2.27272727301783,Inf,2.27272727301783,-57.3863636362426,2.27272727301783,70.4545454550297
0.9333333333,-1.0666666667,-1.0666666667,Inf,-0.0666666666999998,-2.0666666667,-0.0666666666999998,3.9333333333,8.43373493943243,-9.63855421713964,-9.63855421713964,Inf,-0.602409638853605,-18.6746987954257,-0.602409638853605,35.5421686742905
1.4,-4.6,1.4,Inf,0.4,-0.6,-1.6,-0.6,14.5833333333333,-47.9166666666667,14.5833333333333,Inf,4.16666666666667,-6.25,-16.6666666666667,-6.25
-1.4,-3.4,-5.4,Inf,-3.4,1.6,4.6,2.6,-13.4615384615385,-32.6923076923077,-51.9230769230769,Inf,-32.6923076923077,15.3846153846154,44.2307692307692,25
2.26666666667,-1.73333333333,-5.73333333333,Inf,6.26666666667,-2.73333333333,-2.73333333333,1.26666666667,23.2876712329189,-17.808219178054,-58.904109589027,Inf,64.3835616438919,-28.0821917807973,-28.0821917807973,13.0136986301757
5.06666666667,-2.93333333333,6.06666666667,Inf,-3.93333333333,2.06666666667,-0.933333333329999,-0.933333333329999,56.7164179105062,-32.8358208954973,67.9104477612567,Inf,-44.0298507462478,23.1343283582549,-10.4477611939964,-10.4477611939964
4.13333333333,3.13333333333,5.13333333333,Inf,2.13333333333,-2.86666666667,1.13333333333,-2.86666666667,52.5423728812913,39.830508474517,65.2542372880656,Inf,27.1186440677428,-36.4406779661286,14.4067796609685,-36.4406779661286
0.6,6.6,-0.4,Inf,-4.4,7.6,7.6,1.6,7.14285714285714,78.5714285714286,-4.76190476190477,Inf,-52.3809523809524,90.4761904761905,90.4761904761905,19.047619047619
-0.4,9.6,-1.4,Inf,0.6,-0.4,2.6,1.6,-4.76190476190477,114.285714285714,-16.6666666666667,Inf,7.14285714285714,-4.76190476190477,30.9523809523809,19.047619047619
7.33333333333,9.33333333333,0.33333333333,Inf,7.33333333333,1.33333333333,5.33333333333,-0.66666666667,109.999999999895,139.99999999988,4.9999999999475,Inf,109.999999999895,19.99999999994,79.99999999991,-10.000000000045
4.86666666667,3.86666666667,6.86666666667,Inf,4.86666666667,2.86666666667,4.86666666667,0.86666666667,79.347826087054,63.0434782609582,111.956521739246,Inf,79.347826087054,46.7391304348623,79.347826087054,14.1304347826707
7.8,0.8,4.8,Inf,11.8,8.8,0.8,6.8,150,15.3846153846154,92.3076923076923,Inf,226.923076923077,169.230769230769,15.3846153846154,130.769230769231
0.8,7.8,5.8,Inf,10.8,12.8,10.8,9.8,15.3846153846154,150,111.538461538462,Inf,207.692307692308,246.153846153846,207.692307692308,188.461538461538
9.33333333333,1.33333333333,6.33333333333,Inf,9.33333333333,13.33333333333,6.33333333333,2.33333333333,199.999999999786,28.5714285713367,135.714285714117,Inf,199.999999999786,285.71428571401,135.714285714117,49.9999999998929
2.8,6.8,12.8,Inf,3.8,3.8,4.8,3.8,87.5,212.5,400,Inf,118.75,118.75,150,118.75
8.53333333333,7.53333333333,Inf,0.53333333333,1.53333333333,4.53333333333,7.53333333333,3.53333333333,246.153846153513,217.307692307387,Inf,15.3846153845044,44.2307692306305,130.769230769009,217.307692307387,101.923076922883
7.4,2.4,Inf,8.4,3.4,11.4,6.4,4.4,205.555555555556,66.6666666666667,Inf,233.333333333333,94.4444444444444,316.666666666667,177.777777777778,122.222222222222
16,-1,Inf,9,6,6,8,12,400,-25,Inf,225,150,150,200,300
7.8,9.8,Inf,3.8,7.8,10.8,2.8,12.8,243.75,306.25,Inf,118.75,243.75,337.5,87.5,400
3.8,9.8,Inf,3.8,2.8,8.8,12.8,11.8,118.75,306.25,Inf,118.75,87.5,275,400,368.75
4.33333333333,5.33333333333,Inf,5.33333333333,3.33333333333,7.33333333333,10.33333333333,2.33333333333,92.8571428570051,114.285714285561,Inf,114.285714285561,71.428571428449,157.142857142673,221.428571428342,49.9999999998929
-0.2,4.8,Inf,2.8,6.8,4.8,5.8,5.8,-3.84615384615385,92.3076923076923,Inf,53.8461538461538,130.769230769231,92.3076923076923,111.538461538462,111.538461538462
-0.53333333333,9.46666666667,Inf,1.46666666667,8.46666666667,4.46666666667,4.46666666667,3.46666666667,-11.7647058822881,208.823529411992,Inf,32.3529411765679,186.764705882564,98.5294117648519,98.5294117648519,76.4705882354239
3.46666666667,6.46666666667,Inf,-0.53333333333,4.46666666667,8.46666666667,5.46666666667,2.46666666667,76.4705882354239,142.647058823708,Inf,-11.7647058822881,98.5294117648519,186.764705882564,120.58823529428,54.4117647059959
12.66666666667,1.66666666667,Inf,5.66666666667,0.66666666667,6.66666666667,0.66666666667,-3.33333333333,237.500000000211,31.250000000082,Inf,106.250000000129,12.5000000000703,125.000000000141,12.5000000000703,-62.4999999999766
1.86666666667,2.86666666667,Inf,6.86666666667,-2.13333333333,0.86666666667,-0.13333333333,7.86666666667,30.4347826087665,46.7391304348623,Inf,111.956521739246,-34.7826086956167,14.1304347826707,-2.1739130434251,128.260869565341
-4.33333333333,3.66666666667,Inf,5.66666666667,-2.33333333333,-0.33333333333,0.66666666667,-0.33333333333,-59.0909090908905,50.0000000000682,Inf,77.2727272728079,-31.8181818181508,-4.54545454541115,9.09090909095868,-4.54545454541115
-0.933333333329999,-1.93333333333,Inf,3.06666666667,-4.93333333333,-1.93333333333,-1.93333333333,-4.93333333333,-10.4477611939964,-21.6417910447469,Inf,34.3283582090054,-55.2238805969982,-21.6417910447469,-21.6417910447469,-55.2238805969982
-2.4,-0.4,Inf,0.6,3.6,7.6,0.6,-2.4,-28.5714285714286,-4.76190476190477,Inf,7.14285714285714,42.8571428571428,90.4761904761905,7.14285714285714,-28.5714285714286
-2.53333333333,-2.53333333333,Inf,3.46666666667,2.46666666667,2.46666666667,1.46666666667,2.46666666667,-29.6874999999725,-29.6874999999725,Inf,40.6250000000549,28.9062500000503,28.9062500000503,17.1875000000458,28.9062500000503
4.73333333333,Inf,-4.26666666667,-0.26666666667,0.73333333333,2.73333333333,-0.26666666667,5.73333333333,57.2580645160656,Inf,-51.612903225826,-3.22580645165192,8.87096774189158,33.0645161289786,-3.22580645165192,69.3548387096091
0.466666666669999,Inf,-1.53333333333,-3.53333333333,6.46666666667,4.46666666667,2.46666666667,-1.53333333333,5.46875000004119,Inf,-17.968749999968,-41.4062499999771,75.7812500000686,52.3437500000595,28.9062500000503,-17.968749999968
-1.13333333333,Inf,3.86666666667,3.86666666667,2.86666666667,0.86666666667,-3.13333333333,-2.13333333333,-13.9344262294729,Inf,47.5409836066178,47.5409836066178,35.2459016393997,10.6557377049634,-38.5245901639092,-26.2295081966911
-0.66666666667,Inf,6.33333333333,6.33333333333,3.33333333333,1.33333333333,-2.66666666667,-4.66666666667,-7.6923076923432,Inf,73.0769230768565,73.0769230768565,38.4615384614852,15.384615384571,-30.7692307692574,-53.8461538461716
2.8666666667,Inf,-7.1333333333,-5.1333333333,-4.1333333333,-3.1333333333,-5.1333333333,0.8666666667,28.2894736846325,Inf,-70.3947368420079,-50.6578947366798,-40.7894736840158,-30.9210526313517,-50.6578947366798,8.55263157930445
1.33333333333,Inf,-2.66666666667,-3.66666666667,-5.66666666667,2.33333333333,-1.66666666667,4.33333333333,15.384615384571,Inf,-30.7692307692574,-42.3076923077145,-65.3846153846287,26.9230769230281,-19.2307692308003,49.9999999999423
5.86666666667,Inf,4.86666666667,6.86666666667,5.86666666667,-0.13333333333,-4.13333333333,1.86666666667,72.1311475410541,Inf,59.836065573836,84.4262295082723,72.1311475410541,-1.63934426225478,-50.8196721311274,22.9508196721815
-0.4,Inf,3.6,-3.4,1.6,-2.4,3.6,3.6,-4.76190476190477,Inf,42.8571428571428,-40.4761904761905,19.047619047619,-28.5714285714286,42.8571428571428,42.8571428571428
3.2,Inf,0.199999999999999,-0.800000000000001,-0.800000000000001,-3.8,2.2,-0.800000000000001,36.3636363636364,Inf,2.27272727272726,-9.0909090909091,-9.0909090909091,-43.1818181818182,25,-9.0909090909091
6.2,Inf,1.2,-3.8,0.199999999999999,2.2,-0.800000000000001,-3.8,70.4545454545454,Inf,13.6363636363636,-43.1818181818182,2.27272727272726,25,-9.0909090909091,-43.1818181818182
1.93333333333,Inf,0.933333333329999,-1.06666666667,6.93333333333,6.93333333333,2.93333333333,-1.06666666667,21.3235294117201,Inf,10.2941176470183,-11.7647058823854,76.4705882352292,76.4705882352292,32.3529411764219,-11.7647058823854
3.73333333333,Inf,-2.26666666667,2.73333333333,1.73333333333,1.73333333333,7.73333333333,9.73333333333,45.1612903225221,Inf,-27.4193548387389,33.0645161289786,20.9677419354351,20.9677419354351,93.5483870966961,117.741935483783
5.06666666667,Inf,-2.93333333333,5.06666666667,0.0666666666699998,-2.93333333333,1.06666666667,5.06666666667,73.0769230770063,Inf,-42.3076923076646,73.0769230770063,0.961538461586997,-42.3076923076646,15.3846153846709,73.0769230770063
0.8,Inf,-4.2,-0.2,-2.2,3.8,2.8,3.8,11.1111111111111,Inf,-58.3333333333333,-2.77777777777778,-30.5555555555556,52.7777777777778,38.8888888888889,52.7777777777778
0.93333333333,Inf,2.93333333333,6.93333333333,3.93333333333,0.93333333333,-2.06666666667,-0.0666666666699998,13.2075471697579,Inf,41.5094339621974,98.1132075470764,55.6603773584171,13.2075471697579,-29.2452830189013,-0.943396226461816
Inf,4.93333333333,3.93333333333,-0.0666666666699998,-3.06666666667,3.93333333333,5.93333333333,9.93333333333,Inf,69.8113207546369,55.6603773584171,-0.943396226461816,-43.396226415121,55.6603773584171,83.9622641508566,140.566037735736
Inf,0.33333333333,0.33333333333,-4.66666666667,0.33333333333,0.33333333333,-0.66666666667,4.33333333333,Inf,4.9999999999475,4.9999999999475,-70.000000000015,4.9999999999475,4.9999999999475,-10.000000000045,64.9999999999175
Inf,0.53333333333,4.53333333333,-1.46666666667,2.53333333333,-2.46666666667,-3.46666666667,-0.46666666667,Inf,7.14285714280931,60.714285714214,-19.642857142893,33.9285714285116,-33.0357142857442,-46.4285714285953,-6.25000000004185
Inf,9.93333333333,5.93333333333,3.93333333333,3.93333333333,0.93333333333,-5.06666666667,-4.06666666667,Inf,140.566037735736,83.9622641508566,55.6603773584171,55.6603773584171,13.2075471697579,-71.6981132075605,-57.5471698113408
Inf,-1.6,0.4,8.4,5.4,2.4,0.4,3.4,Inf,-28.5714285714286,7.14285714285715,150,96.4285714285714,42.8571428571429,7.14285714285715,60.7142857142857
Inf,-4.2,-2.2,1.8,0.8,2.8,4.8,-0.2,Inf,-58.3333333333333,-30.5555555555556,25,11.1111111111111,38.8888888888889,66.6666666666667,-2.77777777777778
Inf,-2.13333333333,-1.13333333333,-0.13333333333,2.86666666667,-3.13333333333,-0.13333333333,-0.13333333333,Inf,-26.2295081966911,-13.9344262294729,-1.63934426225478,35.2459016393997,-38.5245901639092,-1.63934426225478,-1.63934426225478
Inf,1.33333333333,1.33333333333,-1.66666666667,4.33333333333,-3.66666666667,-2.66666666667,-0.66666666667,Inf,15.384615384571,15.384615384571,-19.2307692308003,49.9999999999423,-42.3076923077145,-30.7692307692574,-7.6923076923432
Inf,1.46666666667,-0.533333333330001,0.466666666669999,-0.533333333330001,5.46666666667,0.466666666669999,3.46666666667,Inf,17.1875000000458,-6.24999999996339,5.46875000004119,-6.24999999996339,64.0625000000641,5.46875000004119,40.6250000000549
Inf,0.73333333333,1.73333333333,-1.26666666667,-0.26666666667,-0.26666666667,6.73333333333,0.73333333333,Inf,8.87096774189158,20.9677419354351,-15.3225806451954,-3.22580645165192,-3.22580645165192,81.4516129031526,8.87096774189158
Inf,1.26666666667,0.26666666667,2.26666666667,0.26666666667,1.26666666667,-2.73333333333,-0.73333333333,Inf,16.3793103448777,3.44827586211355,29.3103448276419,3.44827586211355,16.3793103448777,-35.344827586179,-9.48275862065064
Inf,10.26666666667,4.26666666667,8.26666666667,3.26666666667,-1.73333333333,-4.73333333333,-0.73333333333,Inf,132.758620689756,55.1724137931703,106.896551724227,42.2413793104061,-22.4137931034148,-61.2068965517074,-9.48275862065064
Inf,3.53333333333,-0.466666666669999,-1.46666666667,-5.46666666667,1.53333333333,-0.466666666669999,4.53333333333,Inf,37.3239436619235,-4.9295774648222,-15.4929577465086,-57.7464788732543,16.1971830985506,-4.9295774648222,47.8873239436099
Inf,-6,-4,-5,-4,-1,-1,-2,Inf,-60,-40,-50,-40,-10,-10,-20
Inf,-4.6666666667,-1.6666666667,-4.6666666667,-0.666666666699999,-4.6666666667,-6.6666666667,-6.6666666667,Inf,-43.7500000001758,-15.6250000002637,-43.7500000001758,-6.25000000029296,-43.7500000001758,-62.5000000001172,-62.5000000001172
-1.6666666667,0.333333333300001,-2.6666666667,0.333333333300001,-5.6666666667,-7.6666666667,-8.6666666667,0.333333333300001,-15.6250000002637,3.12499999967774,-25.0000000002344,3.12499999967774,-53.1250000001465,-71.8750000000879,-81.2500000000586,3.12499999967774
-6.9333333333,3.0666666667,-1.9333333333,-2.9333333333,-0.9333333333,3.0666666667,-1.9333333333,0.0666666666999998,-63.4146341462299,28.0487804881953,-17.6829268290173,-26.8292682924598,-8.53658536557481,28.0487804881953,-17.6829268290173,0.60975609786771
-2.6666666667,0.333333333300001,-4.6666666667,-6.6666666667,-2.6666666667,-1.6666666667,-2.6666666667,-3.6666666667,-25.0000000002344,3.12499999967774,-43.7500000001758,-62.5000000001172,-25.0000000002344,-15.6250000002637,-25.0000000002344,-34.3750000002051
-1.1333333333,-4.1333333333,-1.1333333333,5.8666666667,-5.1333333333,-0.1333333333,-1.1333333333,-3.1333333333,-11.1842105260236,-40.7894736840158,-11.1842105260236,57.8947368426247,-50.6578947366798,-1.31578947335959,-11.1842105260236,-30.9210526313517
2.4666666667,-0.5333333333,2.4666666667,-2.5333333333,-6.5333333333,-0.5333333333,-6.5333333333,-4.5333333333,23.4177215193779,-5.06329113894007,23.4177215193779,-24.0506329111521,-62.025316455576,-5.06329113894007,-62.025316455576,-43.037974683364
1.8666666667,1.8666666667,-2.1333333333,-3.1333333333,4.8666666667,-0.1333333333,4.8666666667,0.8666666667,18.4210526319685,18.4210526319685,-21.0526315786877,-30.9210526313517,48.0263157899606,-1.31578947335959,48.0263157899606,8.55263157930445
1.13333333333,5.13333333333,-5.86666666667,-1.86666666667,3.13333333333,5.13333333333,0.13333333333,-1.86666666667,11.4864864864488,52.0270270269757,-59.4594594594732,-18.9189189189463,31.7567567567122,52.0270270269757,1.35135135131712,-18.9189189189463
-0.6,-0.6,-5.6,-0.6,-5.6,-2.6,-3.6,-4.6,-6.25,-6.25,-58.3333333333333,-6.25,-58.3333333333333,-27.0833333333333,-37.5,-47.9166666666667
-1.2666666667,-2.2666666667,-0.266666666700001,0.733333333299999,-3.2666666667,-2.2666666667,-5.2666666667,-4.2666666667,-12.337662337947,-22.0779220781751,-2.59740259771885,7.14285714250927,-31.8181818184032,-22.0779220781751,-51.2987012988594,-41.5584415586313
-3.86666666667,1.13333333333,1.13333333333,-0.86666666667,-2.86666666667,3.13333333333,-1.86666666667,4.13333333333,-39.1891891892097,11.4864864864488,11.4864864864488,-8.7837837838146,-29.054054054078,31.7567567567122,-18.9189189189463,41.891891891844
-3.33333333333,-3.33333333333,-0.33333333333,3.66666666667,-0.33333333333,-2.33333333333,0.66666666667,-2.33333333333,-35.7142857142628,-35.7142857142628,-3.57142857139413,39.285714285764,-3.57142857139413,-24.9999999999732,7.14285714289541,-24.9999999999732
-3.2,-3.2,-5.2,4.8,-1.2,0.800000000000001,-3.2,-1.2,-34.7826086956522,-34.7826086956522,-56.5217391304348,52.1739130434783,-13.0434782608696,8.69565217391305,-34.7826086956522,-13.0434782608696
1.66666666667,4.66666666667,4.66666666667,1.66666666667,3.66666666667,-0.33333333333,-0.33333333333,-3.33333333333,22.7272727273285,63.636363636438,63.636363636438,22.7272727273285,50.0000000000682,-4.54545454541115,-4.54545454541115,-45.4545454545207
6.8,-1.2,0.8,-4.2,4.8,0.8,3.8,3.8,94.4444444444444,-16.6666666666667,11.1111111111111,-58.3333333333333,66.6666666666667,11.1111111111111,52.7777777777778,52.7777777777778
-4.6,0.4,-1.6,-4.6,-0.6,-0.6,-0.6,5.4,-60.5263157894737,5.26315789473685,-21.0526315789474,-60.5263157894737,-7.89473684210526,-7.89473684210526,-7.89473684210526,71.0526315789474
-3.86666666667,1.13333333333,0.13333333333,-3.86666666667,-2.86666666667,-1.86666666667,0.13333333333,-3.86666666667,-49.1525423729029,14.4067796609685,1.6949152541942,-49.1525423729029,-36.4406779661286,-23.7288135593543,1.6949152541942,-49.1525423729029
4.13333333333,-3.86666666667,6.13333333333,0.13333333333,-2.86666666667,1.13333333333,-1.86666666667,-1.86666666667,52.5423728812913,-49.1525423729029,77.9661016948398,1.6949152541942,-36.4406779661286,14.4067796609685,-23.7288135593543,-23.7288135593543
6.66666666667,-2.33333333333,2.66666666667,1.66666666667,-0.33333333333,3.66666666667,5.66666666667,1.66666666667,90.9090909091777,-31.8181818181508,36.3636363636984,22.7272727273285,-4.54545454541115,50.0000000000682,77.2727272728079,22.7272727273285
0.66666666667,-1.33333333333,-0.33333333333,3.66666666667,2.66666666667,0.66666666667,9.66666666667,4.66666666667,9.09090909095868,-18.181818181781,-4.54545454541115,50.0000000000682,36.3636363636984,9.09090909095868,131.818181818287,63.636363636438
-0.46666666667,-3.46666666667,3.53333333333,3.53333333333,-0.46666666667,-1.46666666667,1.53333333333,2.53333333333,-6.25000000004185,-46.4285714285953,47.3214285713628,47.3214285713628,-6.25000000004185,-19.642857142893,20.5357142856605,33.9285714285116
3.8,2.8,3.8,-0.2,-0.2,-1.2,-0.2,2.8,52.7777777777778,38.8888888888889,52.7777777777778,-2.77777777777778,-2.77777777777778,-16.6666666666667,-2.77777777777778,38.8888888888889
0.66666666667,0.66666666667,-2.33333333333,2.66666666667,7.66666666667,-0.33333333333,3.66666666667,2.66666666667,9.09090909095868,9.09090909095868,-31.8181818181508,36.3636363636984,104.545454545548,-4.54545454541115,50.0000000000682,36.3636363636984
-0.33333333333,-1.33333333333,-0.33333333333,3.66666666667,-0.33333333333,8.66666666667,0.66666666667,6.66666666667,-4.54545454541115,-18.181818181781,-4.54545454541115,50.0000000000682,-4.54545454541115,118.181818181917,9.09090909095868,90.9090909091777
0.6,0.6,0.6,3.6,3.6,7.6,-2.4,1.6,9.37499999999999,9.37499999999999,9.37499999999999,56.25,56.25,118.75,-37.5,25
4.73333333333,-0.26666666667,6.73333333333,2.73333333333,2.73333333333,0.73333333333,2.73333333333,0.73333333333,75.5319148935236,-4.2553191489871,107.446808510528,43.6170212765194,43.6170212765194,11.7021276595151,43.6170212765194,11.7021276595151
1.73333333333,1.73333333333,3.73333333333,10.73333333333,0.73333333333,2.73333333333,4.73333333333,3.73333333333,27.6595744680172,27.6595744680172,59.5744680850215,171.276595744537,11.7021276595151,43.6170212765194,75.5319148935236,59.5744680850215
1.6,2.6,-3.4,1.6,0.6,-0.4,2.6,7.6,25,40.625,-53.125,25,9.37499999999999,-6.25000000000001,40.625,118.75
-0.8,1.2,0.2,-1.8,1.2,-0.8,-0.8,0.2,-11.7647058823529,17.6470588235294,2.94117647058824,-26.4705882352941,17.6470588235294,-11.7647058823529,-11.7647058823529,2.94117647058824
-0.53333333333,12.46666666667,0.46666666667,-1.53333333333,-1.53333333333,-4.53333333333,1.46666666667,3.46666666667,-8.16326530607559,190.816326530761,7.14285714291181,-23.469387755063,-23.469387755063,-69.3877551020252,22.4489795918992,53.061224489874
4.86666666667,3.86666666667,5.86666666667,2.86666666667,3.86666666667,0.86666666667,2.86666666667,1.86666666667,79.347826087054,63.0434782609582,95.6521739131498,46.7391304348623,63.0434782609582,14.1304347826707,46.7391304348623,30.4347826087665
3,3,-1,6,2,-1,4,5,50,50,-16.6666666666667,100,33.3333333333333,-16.6666666666667,66.6666666666667,83.3333333333333
0.86666666667,0.86666666667,2.86666666667,-0.13333333333,-0.13333333333,1.86666666667,2.86666666667,-2.13333333333,14.1304347826707,14.1304347826707,46.7391304348623,-2.1739130434251,-2.1739130434251,30.4347826087665,46.7391304348623,-34.7826086956167
2.42857142857,0.42857142857,-0.57142857143,-1.57142857143,-0.57142857143,-5.57142857143,2.42857142857,0.42857142857,36.9565217391007,6.52173913041162,-8.6956521739329,-23.9130434782774,-8.6956521739329,-84.7826086956555,36.9565217391007,6.52173913041162
0.13333333333,3.13333333333,4.13333333333,-2.86666666667,-1.86666666667,3.13333333333,1.13333333333,1.13333333333,1.6949152541942,39.830508474517,52.5423728812913,-36.4406779661286,-23.7288135593543,39.830508474517,14.4067796609685,14.4067796609685
-4.46666666667,-0.46666666667,-3.46666666667,-0.46666666667,6.53333333333,-1.46666666667,5.53333333333,-1.46666666667,-59.8214285714465,-6.25000000004185,-46.4285714285953,-6.25000000004185,87.4999999999163,-19.642857142893,74.1071428570651,-19.642857142893
-2.06666666667,5.93333333333,-2.06666666667,-0.0666666666699998,1.93333333333,-1.06666666667,-0.0666666666699998,-0.0666666666699998,-29.2452830189013,83.9622641508566,-29.2452830189013,-0.943396226461816,27.3584905659777,-15.0943396226816,-0.943396226461816,-0.943396226461816
5.93333333333,3.93333333333,0.93333333333,0.93333333333,-1.06666666667,-1.06666666667,-6.06666666667,0.93333333333,83.9622641508566,55.6603773584171,13.2075471697579,13.2075471697579,-15.0943396226816,-15.0943396226816,-85.8490566037803,13.2075471697579
2.33333333333,4.33333333333,9.33333333333,10.33333333333,0.33333333333,10.33333333333,2.33333333333,5.33333333333,34.9999999999325,64.9999999999175,139.99999999988,154.999999999872,4.9999999999475,154.999999999872,34.9999999999325,79.99999999991
5.8,-1.2,6.8,5.8,-2.2,3.8,6.8,2.8,80.5555555555555,-16.6666666666667,94.4444444444444,80.5555555555555,-30.5555555555556,52.7777777777778,94.4444444444444,38.8888888888889
2.53333333333,6.53333333333,-0.46666666667,2.53333333333,0.53333333333,-2.46666666667,0.53333333333,-1.46666666667,33.9285714285116,87.4999999999163,-6.25000000004185,33.9285714285116,7.14285714280931,-33.0357142857442,7.14285714280931,-19.642857142893
4.93333333333,4.93333333333,1.93333333333,0.93333333333,2.93333333333,-0.0666666666699998,1.93333333333,0.93333333333,69.8113207546369,69.8113207546369,27.3584905659777,13.2075471697579,41.5094339621974,-0.943396226461816,27.3584905659777,13.2075471697579
-3,4,2,7,-2,2,11,1,-37.5,50,25,87.5,-25,25,137.5,12.5
-6.73333333333,1.26666666667,1.26666666667,7.26666666667,0.26666666667,-0.73333333333,1.26666666667,4.26666666667,-87.0689655172358,16.3793103448777,16.3793103448777,93.9655172414629,3.44827586211355,-9.48275862065064,16.3793103448777,55.1724137931703
1.66666666667,1.66666666667,1.66666666667,2.66666666667,4.66666666667,3.66666666667,-0.33333333333,6.66666666667,22.7272727273285,22.7272727273285,22.7272727273285,36.3636363636984,63.636363636438,50.0000000000682,-4.54545454541115,90.9090909091777
2.66666666667,3.66666666667,-0.33333333333,-0.33333333333,3.66666666667,0.66666666667,2.66666666667,-0.33333333333,36.3636363636984,50.0000000000682,-4.54545454541115,-4.54545454541115,50.0000000000682,9.09090909095868,36.3636363636984,-4.54545454541115
2.53333333333,8.53333333333,-1.46666666667,-0.46666666667,7.53333333333,5.53333333333,4.53333333333,8.53333333333,33.9285714285116,114.285714285619,-19.642857142893,-6.25000000004185,100.892857142767,74.1071428570651,60.714285714214,114.285714285619
1.2,4.2,3.2,-0.8,4.2,8.2,4.2,8.2,17.6470588235294,61.7647058823529,47.0588235294118,-11.7647058823529,61.7647058823529,120.588235294118,61.7647058823529,120.588235294118
3.06666666667,-0.93333333333,1.06666666667,3.06666666667,3.06666666667,-0.93333333333,-5.93333333333,1.06666666667,44.2307692308386,-13.4615384614969,15.3846153846709,44.2307692308386,44.2307692308386,-13.4615384614969,-85.5769230769161,15.3846153846709
2.6,-2.4,0.6,1.6,0.6,1.6,-1.4,-0.4,40.625,-37.5,9.37499999999999,25,9.37499999999999,25,-21.875,-6.25000000000001
0.66666666667,0.66666666667,0.66666666667,-0.33333333333,3.66666666667,5.66666666667,4.66666666667,1.66666666667,9.09090909095868,9.09090909095868,9.09090909095868,-4.54545454541115,50.0000000000682,77.2727272728079,63.636363636438,22.7272727273285
-4.8,0.2,4.2,7.2,6.2,2.2,5.2,-2.8,-70.5882352941177,2.94117647058824,61.7647058823529,105.882352941176,91.1764705882353,32.3529411764706,76.4705882352941,-41.1764705882353
2,3,-1,5,-1,1,1,0,33.3333333333333,50,-16.6666666666667,83.3333333333333,-16.6666666666667,16.6666666666667,16.6666666666667,0
0.13333333333,4.13333333333,0.13333333333,0.13333333333,2.13333333333,5.13333333333,1.13333333333,-0.86666666667,2.27272727266917,70.4545454544486,2.27272727266917,2.27272727266917,36.3636363635589,87.4999999998935,19.318181818114,-14.7727272727757
-1.13333333333,5.86666666667,3.86666666667,-0.13333333333,-2.13333333333,3.86666666667,2.86666666667,5.86666666667,-18.4782608695209,95.6521739131498,63.0434782609582,-2.1739130434251,-34.7826086956167,63.0434782609582,46.7391304348623,95.6521739131498
-1.93333333333,5.06666666667,2.06666666667,4.06666666667,1.06666666667,0.0666666666699998,0.0666666666699998,-0.93333333333,-27.8846153845807,73.0769230770063,29.8076923077547,58.6538461539224,15.3846153846709,0.961538461586997,0.961538461586997,-13.4615384614969
3.66666666667,-0.33333333333,-1.33333333333,0.66666666667,-0.33333333333,-1.33333333333,0.66666666667,-2.33333333333,50.0000000000682,-4.54545454541115,-18.181818181781,9.09090909095868,-4.54545454541115,-18.181818181781,9.09090909095868,-31.8181818181508
2.2,-3.8,0.2,4.2,0.2,-1.8,1.2,0.2,32.3529411764706,-55.8823529411765,2.94117647058824,61.7647058823529,2.94117647058824,-26.4705882352941,17.6470588235294,2.94117647058824
4.46666666667,3.46666666667,3.46666666667,-0.53333333333,7.46666666667,3.46666666667,2.46666666667,1.46666666667,68.3673469388614,53.061224489874,53.061224489874,-8.16326530607559,114.285714285824,53.061224489874,37.7551020408866,22.4489795918992
4.2,0.2,3.2,10.2,-0.8,-0.8,0.2,4.2,61.7647058823529,2.94117647058824,47.0588235294118,150,-11.7647058823529,-11.7647058823529,2.94117647058824,61.7647058823529
6.73333333333,-0.26666666667,-1.26666666667,4.73333333333,-4.26666666667,-0.26666666667,-1.26666666667,0.73333333333,107.446808510528,-4.2553191489871,-20.2127659574892,75.5319148935236,-68.0851063829957,-4.2553191489871,-20.2127659574892,11.7021276595151
-2.53333333333,1.46666666667,-2.53333333333,-0.533333333330001,-0.533333333330001,-3.53333333333,-4.53333333333,2.46666666667,-29.6874999999725,17.1875000000458,-29.6874999999725,-6.24999999996339,-6.24999999996339,-41.4062499999771,-53.1249999999817,28.9062500000503
7.13333333333,-0.86666666667,-3.86666666667,3.13333333333,-1.86666666667,7.13333333333,-2.86666666667,-1.86666666667,72.2972972972391,-8.7837837838146,-39.1891891892097,31.7567567567122,-18.9189189189463,72.2972972972391,-29.054054054078,-18.9189189189463
2.3333333333,-5.6666666667,-3.6666666667,-3.6666666667,-6.6666666667,-2.6666666667,-1.6666666667,-5.6666666667,21.8749999996191,-53.1250000001465,-34.3750000002051,-34.3750000002051,-62.5000000001172,-25.0000000002344,-15.6250000002637,-53.1250000001465
-6.8,0.199999999999999,-5.8,-3.8,-1.8,-1.8,-3.8,-8.8,-62.962962962963,1.85185185185185,-53.7037037037037,-35.1851851851852,-16.6666666666667,-16.6666666666667,-35.1851851851852,-81.4814814814815
-4.0666666667,-0.0666666666999998,-6.0666666667,-3.0666666667,-3.0666666667,-5.0666666667,-2.0666666667,-7.0666666667,-36.7469879519978,-0.602409638853605,-54.8192771085698,-27.7108433737117,-27.7108433737117,-45.7831325302838,-18.6746987954257,-63.8554216868558
-2.4666666667,-1.4666666667,-3.4666666667,-1.4666666667,-3.4666666667,-0.4666666667,2.5333333333,-1.4666666667,-21.5116279072049,-12.7906976746721,-30.2325581397377,-12.7906976746721,-30.2325581397377,-4.06976744213933,22.093023255459,-12.7906976746721
1.5333333333,-3.4666666667,2.5333333333,-4.4666666667,-1.4666666667,-1.4666666667,-2.4666666667,-3.4666666667,13.3720930229262,-30.2325581397377,22.093023255459,-38.9534883722705,-12.7906976746721,-12.7906976746721,-21.5116279072049,-30.2325581397377
-4.6,-4.6,-4.6,-7.6,-2.6,-5.6,-6.6,-3.6,-39.6551724137931,-39.6551724137931,-39.6551724137931,-65.5172413793103,-22.4137931034483,-48.2758620689655,-56.8965517241379,-31.0344827586207
-6.3333333333,-5.3333333333,-6.3333333333,-7.3333333333,-6.3333333333,-6.3333333333,-8.3333333333,-4.3333333333,-55.8823529410467,-47.0588235292561,-55.8823529410467,-64.7058823528374,-55.8823529410467,-55.8823529410467,-73.529411764628,-38.2352941174654
5.7333333333,-1.2666666667,-3.2666666667,-0.266666666700001,1.7333333333,-1.2666666667,0.733333333299999,-2.2666666667,55.8441558436498,-12.337662337947,-31.8181818184032,-2.59740259771885,16.8831168827374,-12.337662337947,7.14285714250927,-22.0779220781751
-3,-2,-2,2,1,2,2,4,-30,-20,-20,20,10,20,20,40
-4.5333333333,-9.5333333333,-1.5333333333,-1.5333333333,-3.5333333333,-5.5333333333,-5.5333333333,-1.5333333333,-43.037974683364,-90.506329113894,-14.5569620250461,-14.5569620250461,-33.5443037972581,-52.53164556947,-52.53164556947,-14.5569620250461
-2.2,-0.199999999999999,-3.2,-4.2,-5.2,-5.2,-3.2,-5.2,-19.6428571428571,-1.78571428571428,-28.5714285714286,-37.5,-46.4285714285714,-46.4285714285714,-28.5714285714286,-46.4285714285714
1.0666666667,-0.9333333333,0.0666666666999998,-0.9333333333,-7.9333333333,-3.9333333333,4.0666666667,-1.9333333333,9.75609756131023,-8.53658536557481,0.60975609786771,-8.53658536557481,-72.5609756096724,-35.9756097559024,37.1951219516378,-17.6829268290173
-0.266666666700001,-2.2666666667,2.7333333333,-8.2666666667,-3.2666666667,-3.2666666667,-4.2666666667,-6.2666666667,-2.1739130437441,-18.4782608697868,22.2826086953199,-67.3913043479147,-26.6304347828081,-26.6304347828081,-34.7826086958294,-51.0869565218721
-2,-1,-4,1,-2,-1,-5,-4,-20,-10,-40,10,-20,-10,-50,-40
-1.46666666667,-5.46666666667,-2.46666666667,-1.46666666667,-1.46666666667,-3.46666666667,-6.46666666667,-4.46666666667,-15.4929577465086,-57.7464788732543,-26.056338028195,-15.4929577465086,-15.4929577465086,-36.6197183098815,-68.3098591549407,-47.1830985915679
1.6,-4.4,5.6,-1.4,5.6,5.6,0.6,-0.4,19.047619047619,-52.3809523809524,66.6666666666667,-16.6666666666667,66.6666666666667,66.6666666666667,7.14285714285714,-4.76190476190477
4.26666666667,5.26666666667,0.26666666667,4.26666666667,-1.73333333333,-1.73333333333,3.26666666667,0.26666666667,55.1724137931703,68.1034482759345,3.44827586211355,55.1724137931703,-22.4137931034148,-22.4137931034148,42.2413793104061,3.44827586211355
-2.4,4.6,2.6,3.6,2.6,-1.4,-0.4,6.6,-37.5,71.875,40.625,56.25,40.625,-21.875,-6.25000000000001,103.125
1,0,-4,0,0,-1,-1,2,16.6666666666667,0,-66.6666666666667,0,0,-16.6666666666667,-16.6666666666667,33.3333333333333
0,2,-1,-1,5,6,6,0,0,33.3333333333333,-16.6666666666667,-16.6666666666667,83.3333333333333,100,100,0
0.26666666667,8.26666666667,1.26666666667,7.26666666667,3.26666666667,2.26666666667,4.26666666667,3.26666666667,4.65116279075852,144.18604651177,22.0930232558849,126.744186046643,56.9767441861378,39.5348837210114,74.4186046512642,56.9767441861378
0.0666666666699998,6.06666666667,2.06666666667,2.06666666667,-0.93333333333,3.06666666667,0.0666666666699998,-3.93333333333,0.961538461586997,87.5000000000901,29.8076923077547,29.8076923077547,-13.4615384614969,44.2307692308386,0.961538461586997,-56.7307692307484
-5.8,-2.8,-4.8,-4.8,-3.8,-1.8,-2.8,-0.800000000000001,-65.9090909090909,-31.8181818181818,-54.5454545454546,-54.5454545454546,-43.1818181818182,-20.4545454545455,-31.8181818181818,-9.0909090909091
5.33333333333,-0.66666666667,3.33333333333,-1.66666666667,0.33333333333,2.33333333333,-0.66666666667,7.33333333333,61.5384615383994,-7.6923076923432,38.4615384614852,-19.2307692308003,3.8461538461139,26.9230769230281,-7.6923076923432,84.6153846153136
7.26666666667,0.26666666667,5.26666666667,2.26666666667,5.26666666667,6.26666666667,2.26666666667,2.26666666667,93.9655172414629,3.44827586211355,68.1034482759345,29.3103448276419,68.1034482759345,81.0344827586987,29.3103448276419,29.3103448276419
1,-3,1,-1,-1,0,1,-3,12.5,-37.5,12.5,-12.5,-12.5,0,12.5,-37.5
2,-1,-4,-3,-1,0,-2,-3,25,-12.5,-50,-37.5,-12.5,0,-25,-37.5
3.33333333333,2.33333333333,0.33333333333,-1.66666666667,8.33333333333,9.33333333333,11.33333333333,5.33333333333,49.999999999925,34.9999999999325,4.9999999999475,-25.0000000000375,124.999999999887,139.99999999988,169.999999999865,79.99999999991
8.33333333333,4.33333333333,4.33333333333,2.33333333333,2.33333333333,4.33333333333,1.33333333333,-1.66666666667,124.999999999887,64.9999999999175,64.9999999999175,34.9999999999325,34.9999999999325,64.9999999999175,19.99999999994,-25.0000000000375
1.86666666667,-2.13333333333,4.86666666667,2.86666666667,2.86666666667,1.86666666667,1.86666666667,0.86666666667,30.4347826087665,-34.7826086956167,79.347826087054,46.7391304348623,46.7391304348623,30.4347826087665,30.4347826087665,14.1304347826707
1.86666666667,8.86666666667,4.86666666667,1.86666666667,-3.13333333333,-0.13333333333,-3.13333333333,-0.13333333333,30.4347826087665,144.565217391437,79.347826087054,30.4347826087665,-51.0869565217125,-2.1739130434251,-51.0869565217125,-2.1739130434251
0.4,6.4,1.4,2.4,2.4,2.4,4.4,4.4,7.14285714285715,114.285714285714,25,42.8571428571429,42.8571428571429,42.8571428571429,78.5714285714286,78.5714285714286
10.4,-0.6,-1.6,1.4,5.4,2.4,3.4,5.4,185.714285714286,-10.7142857142857,-28.5714285714286,25,96.4285714285714,42.8571428571429,60.7142857142857,96.4285714285714
5.4,1.4,3.4,-0.6,-0.6,1.4,3.4,4.4,96.4285714285714,25,60.7142857142857,-10.7142857142857,-10.7142857142857,25,60.7142857142857,78.5714285714286
4.4,2.4,-0.6,-3.6,2.4,-1.6,-2.6,-2.6,78.5714285714286,42.8571428571429,-10.7142857142857,-64.2857142857143,42.8571428571429,-28.5714285714286,-46.4285714285714,-46.4285714285714
-0.26666666667,2.73333333333,-1.26666666667,0.73333333333,0.73333333333,6.73333333333,1.73333333333,-2.26666666667,-4.2553191489871,43.6170212765194,-20.2127659574892,11.7021276595151,11.7021276595151,107.446808510528,27.6595744680172,-36.1702127659914
5.26666666667,-1.73333333333,1.26666666667,3.26666666667,-0.73333333333,7.26666666667,1.26666666667,-1.73333333333,91.8604651163906,-30.2325581394943,22.0930232558849,56.9767441861378,-12.7906976743679,126.744186046643,22.0930232558849,-30.2325581394943
5,5,8,3,2,8,1,1,125,125,200,75,50,200,25,25
5.86666666667,-1.13333333333,0.86666666667,0.86666666667,5.86666666667,4.86666666667,4.86666666667,0.86666666667,141.935483871163,-27.4193548386511,20.9677419355814,20.9677419355814,141.935483871163,117.741935484047,117.741935484047,20.9677419355814
2.06666666667,9.06666666667,-0.93333333333,3.06666666667,6.06666666667,8.06666666667,7.06666666667,9.06666666667,41.8918918919878,183.783783783976,-18.9189189188641,62.1621621622717,122.972972973124,163.513513513692,143.243243243408,183.783783783976
7,11,1,3,5,10,5,6,175,275,25,75,125,250,125,150
1.86666666667,0.86666666667,2.86666666667,0.86666666667,-0.13333333333,1.86666666667,2.86666666667,2.86666666667,45.1612903226977,20.9677419355814,69.354838709814,20.9677419355814,-3.22580645153487,45.1612903226977,69.354838709814,69.354838709814
0.4,0.4,0.4,-1.6,3.4,2.4,2.4,-0.6,7.14285714285715,7.14285714285715,7.14285714285715,-28.5714285714286,60.7142857142857,42.8571428571429,42.8571428571429,-10.7142857142857
5.6,-1.4,1.6,4.6,-0.4,5.6,4.6,4.6,87.5,-21.875,25,71.875,-6.25000000000001,87.5,71.875,71.875
1.8,4.8,1.8,2.8,0.8,0.8,0.8,2.8,25,66.6666666666667,25,38.8888888888889,11.1111111111111,11.1111111111111,11.1111111111111,38.8888888888889
-2.93333333333,-0.933333333329999,1.06666666667,0.0666666666700007,-3.93333333333,-3.93333333333,-6.93333333333,0.0666666666700007,-32.8358208954973,-10.4477611939964,11.9402985075045,0.746268656754017,-44.0298507462478,-44.0298507462478,-77.6119402984991,0.746268656754017
0.0666666666700007,-1.93333333333,1.06666666667,1.06666666667,-1.93333333333,-0.933333333329999,-3.93333333333,1.06666666667,0.746268656754017,-21.6417910447469,11.9402985075045,11.9402985075045,-21.6417910447469,-10.4477611939964,-44.0298507462478,11.9402985075045
1.06666666667,-2.93333333333,2.06666666667,1.06666666667,2.06666666667,9.06666666667,0.0666666666700007,-0.933333333329999,11.9402985075045,-32.8358208954973,23.1343283582549,11.9402985075045,23.1343283582549,101.492537313508,0.746268656754017,-10.4477611939964
-2,2,3,3,5,1,-1,3,-20,20,30,30,50,10,-10,30
-6.9333333333,1.0666666667,-5.9333333333,-0.9333333333,3.0666666667,0.0666666666999998,-0.9333333333,-2.9333333333,-63.4146341462299,9.75609756131023,-54.2682926827874,-8.53658536557481,28.0487804881953,0.60975609786771,-8.53658536557481,-26.8292682924598
-3.2666666667,-5.2666666667,-5.2666666667,2.7333333333,-2.2666666667,1.7333333333,0.733333333299999,-7.2666666667,-31.8181818184032,-51.2987012988594,-51.2987012988594,26.6233766229655,-22.0779220781751,16.8831168827374,7.14285714250927,-70.7792207793157
2.93333333333,-1.06666666667,-2.06666666667,0.933333333329999,2.93333333333,4.93333333333,5.93333333333,1.93333333333,32.3529411764219,-11.7647058823854,-22.7941176470872,10.2941176470183,32.3529411764219,54.4117647058256,65.4411764705274,21.3235294117201
-3.2,2.8,-1.2,1.8,-1.2,-1.2,2.8,6.8,-34.7826086956522,30.4347826086957,-13.0434782608696,19.5652173913044,-13.0434782608696,-13.0434782608696,30.4347826086957,73.9130434782609
-6.06666666667,3.93333333333,-1.06666666667,-3.06666666667,-5.06666666667,-3.06666666667,-6.06666666667,0.933333333329999,-66.9117647058945,43.3823529411237,-11.7647058823854,-33.823529411789,-55.8823529411927,-33.823529411789,-66.9117647058945,10.2941176470183
2.73333333333,-1.26666666667,1.73333333333,-0.26666666667,-6.26666666667,-2.26666666667,0.73333333333,1.73333333333,33.0645161289786,-15.3225806451954,20.9677419354351,-3.22580645165192,-75.806451612913,-27.4193548387389,8.87096774189158,20.9677419354351
7.46666666667,0.466666666669999,6.46666666667,-1.53333333333,3.46666666667,1.46666666667,-0.533333333330001,-0.533333333330001,87.5000000000732,5.46875000004119,75.7812500000686,-17.968749999968,40.6250000000549,17.1875000000458,-6.24999999996339,-6.24999999996339
4.6,7.6,0.6,-0.4,5.6,-2.4,2.6,1.6,54.7619047619048,90.4761904761905,7.14285714285714,-4.76190476190477,66.6666666666667,-28.5714285714286,30.9523809523809,19.047619047619
-0.66666666667,2.33333333333,-3.66666666667,-2.66666666667,0.33333333333,2.33333333333,1.33333333333,-2.66666666667,-7.6923076923432,26.9230769230281,-42.3076923077145,-30.7692307692574,3.8461538461139,26.9230769230281,15.384615384571,-30.7692307692574
1.13333333333,0.13333333333,-0.86666666667,-1.86666666667,2.13333333333,-2.86666666667,-2.86666666667,2.13333333333,14.4067796609685,1.6949152541942,-11.0169491525801,-23.7288135593543,27.1186440677428,-36.4406779661286,-36.4406779661286,27.1186440677428
1.2,3.2,0.2,0.2,2.2,3.2,7.2,4.2,17.6470588235294,47.0588235294118,2.94117647058824,2.94117647058824,32.3529411764706,47.0588235294118,105.882352941176,61.7647058823529
4.66666666667,8.66666666667,1.66666666667,6.66666666667,2.66666666667,-0.33333333333,3.66666666667,10.66666666667,87.5000000001172,162.500000000164,31.250000000082,125.000000000141,50.0000000000938,-6.2499999999414,68.7500000001055,200.000000000188
6.28571428571,-0.71428571429,5.28571428571,4.28571428571,-0.71428571429,1.28571428571,1.28571428571,0.28571428571,109.999999999843,-12.5000000000656,92.4999999998556,74.9999999998687,-12.5000000000656,22.4999999999081,22.4999999999081,4.99999999992125
-2,-2,0,-1,-1,-3,-2,2,-33.3333333333333,-33.3333333333333,0,-16.6666666666667,-16.6666666666667,-50,-33.3333333333333,33.3333333333333
-5,4,3,2,7,5,6,-4,-83.3333333333333,66.6666666666667,50,33.3333333333333,116.666666666667,83.3333333333333,100,-66.6666666666667
2.73333333333,6.73333333333,-2.26666666667,5.73333333333,1.73333333333,1.73333333333,6.73333333333,4.73333333333,43.6170212765194,107.446808510528,-36.1702127659914,91.4893617020258,27.6595744680172,27.6595744680172,107.446808510528,75.5319148935236
2.4,0.4,0.4,-4.6,-5.6,-2.6,-3.6,-1.6,31.5789473684211,5.26315789473685,5.26315789473685,-60.5263157894737,-73.6842105263158,-34.2105263157895,-47.3684210526316,-21.0526315789474
-2.53333333333,0.466666666669999,1.46666666667,-3.53333333333,-1.53333333333,3.46666666667,-6.53333333333,-2.53333333333,-29.6874999999725,5.46875000004119,17.1875000000458,-41.4062499999771,-17.968749999968,40.6250000000549,-76.5624999999908,-29.6874999999725
-3.1333333333,2.8666666667,4.8666666667,0.8666666667,-0.1333333333,-0.1333333333,-0.1333333333,-0.1333333333,-30.9210526313517,28.2894736846325,48.0263157899606,8.55263157930445,-1.31578947335959,-1.31578947335959,-1.31578947335959,-1.31578947335959
0.733333333299999,-2.2666666667,1.7333333333,-2.2666666667,3.7333333333,-3.2666666667,-7.2666666667,-4.2666666667,7.14285714250927,-22.0779220781751,16.8831168827374,-22.0779220781751,36.3636363631936,-31.8181818184032,-70.7792207793157,-41.5584415586313
-4.6666666667,-0.666666666699999,-6.6666666667,-5.6666666667,-2.6666666667,-4.6666666667,-2.6666666667,-4.6666666667,-43.7500000001758,-6.25000000029296,-62.5000000001172,-53.1250000001465,-25.0000000002344,-43.7500000001758,-25.0000000002344,-43.7500000001758
0.9333333333,-4.0666666667,-7.0666666667,-5.0666666667,-5.0666666667,-7.0666666667,-2.0666666667,-6.0666666667,8.43373493943243,-36.7469879519978,-63.8554216868558,-45.7831325302838,-45.7831325302838,-63.8554216868558,-18.6746987954257,-54.8192771085698
-7.8666666667,1.1333333333,-3.8666666667,0.1333333333,-6.8666666667,-3.8666666667,-3.8666666667,-4.8666666667,-66.2921348315554,9.55056179744508,-32.5842696631107,1.12359550533392,-57.8651685394442,-32.5842696631107,-32.5842696631107,-41.0112359552219
-5.2666666667,-0.266666666700001,-4.2666666667,-4.2666666667,-5.2666666667,-2.2666666667,0.733333333299999,-3.2666666667,-51.2987012988594,-2.59740259771885,-41.5584415586313,-41.5584415586313,-51.2987012988594,-22.0779220781751,7.14285714250927,-31.8181818184032
-4.0666666667,-3.0666666667,-6.0666666667,-6.0666666667,-4.0666666667,-5.0666666667,-4.0666666667,-8.0666666667,-36.7469879519978,-27.7108433737117,-54.8192771085698,-54.8192771085698,-36.7469879519978,-45.7831325302838,-36.7469879519978,-72.8915662651419
-5.0666666667,-4.0666666667,-1.0666666667,-8.0666666667,-3.0666666667,-4.0666666667,-0.0666666666999998,-4.0666666667,-45.7831325302838,-36.7469879519978,-9.63855421713964,-72.8915662651419,-27.7108433737117,-36.7469879519978,-0.602409638853605,-36.7469879519978
0.199999999999999,6.2,0.199999999999999,1.2,-1.8,4.2,3.2,-2.8,1.85185185185185,57.4074074074074,1.85185185185185,11.1111111111111,-16.6666666666667,38.8888888888889,29.6296296296296,-25.9259259259259
-1.4666666667,-2.4666666667,-0.4666666667,-2.4666666667,-2.4666666667,5.5333333333,0.5333333333,-1.4666666667,-12.7906976746721,-21.5116279072049,-4.06976744213933,-21.5116279072049,-21.5116279072049,48.2558139530574,4.65116279039345,-12.7906976746721
-4.5333333333,-9.5333333333,-4.5333333333,-3.5333333333,-4.5333333333,-2.5333333333,-6.5333333333,-4.5333333333,-36.1702127657877,-76.0638297871704,-36.1702127657877,-28.1914893615111,-36.1702127657877,-20.2127659572346,-52.1276595743408,-36.1702127657877
-11.0666666667,-5.0666666667,-1.0666666667,-2.0666666667,-5.0666666667,-5.0666666667,-6.0666666667,-3.0666666667,-84.6938775510594,-38.7755102042378,-8.16326530635672,-15.816326530827,-38.7755102042378,-38.7755102042378,-46.4285714287081,-23.4693877552973
-4.0666666667,-2.0666666667,-5.0666666667,1.9333333333,-2.0666666667,-5.0666666667,1.9333333333,4.9333333333,-31.1224489797675,-15.816326530827,-38.7755102042378,14.7959183670541,-15.816326530827,-38.7755102042378,14.7959183670541,37.7551020404649
-2,1,-4,-2,-3,3,-4,2,-16.6666666666667,8.33333333333333,-33.3333333333333,-16.6666666666667,-25,25,-33.3333333333333,16.6666666666667
-5.6,-6.6,-5.6,-7.6,-5.6,-4.6,-1.6,-3.6,-48.2758620689655,-56.8965517241379,-48.2758620689655,-65.5172413793103,-48.2758620689655,-39.6551724137931,-13.7931034482759,-31.0344827586207
-1,-2,-6,-1,-6,-5,-1,1,-10,-20,-60,-10,-60,-50,-10,10
-0.5333333333,2.4666666667,-2.5333333333,-2.5333333333,3.4666666667,-1.5333333333,2.4666666667,-0.5333333333,-5.06329113894007,23.4177215193779,-24.0506329111521,-24.0506329111521,32.9113924054839,-14.5569620250461,23.4177215193779,-5.06329113894007
4.7333333333,-0.266666666700001,0.733333333299999,-1.2666666667,3.7333333333,3.7333333333,1.7333333333,-0.266666666700001,46.1038961034217,-2.59740259771885,7.14285714250927,-12.337662337947,36.3636363631936,36.3636363631936,16.8831168827374,-2.59740259771885
-0.6,0.4,-0.6,-1.6,-2.6,-2.6,-2.6,0.4,-6.25,4.16666666666667,-6.25,-16.6666666666667,-27.0833333333333,-27.0833333333333,-27.0833333333333,4.16666666666667
-4.6,-1.6,-1.6,-4.6,-4.6,-0.6,0.4,-2.6,-47.9166666666667,-16.6666666666667,-16.6666666666667,-47.9166666666667,-47.9166666666667,-6.25,4.16666666666667,-27.0833333333333
-2.5333333333,-0.5333333333,2.4666666667,2.4666666667,0.4666666667,0.4666666667,5.4666666667,1.4666666667,-24.0506329111521,-5.06329113894007,23.4177215193779,23.4177215193779,4.43037974716592,4.43037974716592,51.8987341776959,13.9240506332719
-2.46666666667,0.533333333330001,-2.46666666667,-1.46666666667,-0.466666666669999,-0.466666666669999,-3.46666666667,-2.46666666667,-26.056338028195,5.63380281686422,-26.056338028195,-15.4929577465086,-4.9295774648222,-4.9295774648222,-36.6197183098815,-26.056338028195
-5.46666666667,0.533333333330001,-4.46666666667,-3.46666666667,-2.46666666667,-1.46666666667,4.53333333333,-3.46666666667,-57.7464788732543,5.63380281686422,-47.1830985915679,-36.6197183098815,-26.056338028195,-15.4929577465086,47.8873239436099,-36.6197183098815
-1.6,-1.6,-1.6,1.4,-3.6,-3.6,-0.6,-1.6,-16.6666666666667,-16.6666666666667,-16.6666666666667,14.5833333333333,-37.5,-37.5,-6.25,-16.6666666666667
4.33333333333,4.33333333333,-1.66666666667,3.33333333333,3.33333333333,0.33333333333,5.33333333333,-0.66666666667,49.9999999999423,49.9999999999423,-19.2307692308003,38.4615384614852,38.4615384614852,3.8461538461139,61.5384615383994,-7.6923076923432
-0.2,0.8,0.8,5.8,3.8,3.8,1.8,-2.2,-2.77777777777778,11.1111111111111,11.1111111111111,80.5555555555555,52.7777777777778,52.7777777777778,25,-30.5555555555556
2.13333333333,0.13333333333,-0.86666666667,2.13333333333,4.13333333333,3.13333333333,2.13333333333,3.13333333333,36.3636363635589,2.27272727266917,-14.7727272727757,36.3636363635589,70.4545454544486,53.4090909090038,36.3636363635589,53.4090909090038
2.93333333333,0.93333333333,10.93333333333,-1.06666666667,5.93333333333,2.93333333333,-0.0666666666699998,-2.06666666667,57.8947368420014,18.421052631501,215.789473684003,-21.0526315789993,117.105263157752,57.8947368420014,-1.31578947374913,-40.7894736842495
3.93333333333,9.93333333333,7.93333333333,3.93333333333,13.93333333333,6.93333333333,2.93333333333,6.93333333333,77.6315789472516,196.052631578753,156.578947368252,77.6315789472516,274.999999999753,136.842105263002,57.8947368420014,136.842105263002
7.46666666667,4.46666666667,0.46666666667,4.46666666667,2.46666666667,2.46666666667,4.46666666667,5.46666666667,164.705882353136,98.5294117648519,10.2941176471399,98.5294117648519,54.4117647059959,54.4117647059959,98.5294117648519,120.58823529428
1.46666666667,3.46666666667,3.46666666667,1.46666666667,2.46666666667,1.46666666667,2.46666666667,3.46666666667,32.3529411765679,76.4705882354239,76.4705882354239,32.3529411765679,54.4117647059959,32.3529411765679,54.4117647059959,76.4705882354239
3.13333333333,1.13333333333,3.13333333333,1.13333333333,1.13333333333,2.13333333333,2.13333333333,1.13333333333,81.0344827584646,29.3103448274747,81.0344827584646,29.3103448274747,29.3103448274747,55.1724137929697,55.1724137929697,29.3103448274747
3.66666666667,5.66666666667,3.66666666667,3.66666666667,3.66666666667,3.66666666667,2.66666666667,8.66666666667,110.00000000021,170.00000000027,110.00000000021,110.00000000021,110.00000000021,110.00000000021,80.00000000018,260.00000000036
7.26666666667,2.26666666667,5.26666666667,-0.73333333333,2.26666666667,6.26666666667,8.26666666667,8.26666666667,194.64285714312,60.7142857144292,141.071428571644,-19.6428571427854,60.7142857144292,167.857142857382,221.428571428858,221.428571428858
2.8,4.8,5.8,4.8,3.8,5.8,7.8,7.8,87.5,150,181.25,150,118.75,181.25,243.75,243.75
8,3,5,7,8,4,3,3,400,150,250,350,400,200,150,150
7.73333333333,9.73333333333,7.73333333333,6.73333333333,8.73333333333,13.73333333333,4.73333333333,12.73333333333,341.176470587586,429.411764705104,341.176470587586,297.058823528828,385.294117646345,605.882352940138,208.823529411311,561.76470588138
3.2,12.2,5.2,8.2,7.2,2.2,8.2,6.2,114.285714285714,435.714285714286,185.714285714286,292.857142857143,257.142857142857,78.5714285714286,292.857142857143,221.428571428571
-2.4,2.6,2.6,7.6,2.6,0.6,1.6,2.6,-54.5454545454546,59.0909090909091,59.0909090909091,172.727272727273,59.0909090909091,13.6363636363636,36.3636363636364,59.0909090909091
2.13333333333,-2.86666666667,-0.86666666667,-3.86666666667,4.13333333333,-3.86666666667,4.13333333333,0.13333333333,36.3636363635589,-48.8636363636654,-14.7727272727757,-65.9090909091103,70.4545454544486,-65.9090909091103,70.4545454544486,2.27272727266917
4.13333333333,6.13333333333,8.13333333333,5.13333333333,9.13333333333,2.13333333333,1.13333333333,1.13333333333,70.4545454544486,104.545454545338,138.636363636228,87.4999999998935,155.681818181673,36.3636363635589,19.318181818114,19.318181818114
4.6,6.6,-0.4,1.6,4.6,3.6,-1.4,6.6,71.875,103.125,-6.25000000000001,25,71.875,56.25,-21.875,103.125
9,2,3,0,-1,2,1,5,150,33.3333333333333,50,0,-16.6666666666667,33.3333333333333,16.6666666666667,83.3333333333333
-0.14285714286,0.85714285714,4.85714285714,1.85714285714,-0.14285714286,2.85714285714,3.85714285714,0.85714285714,-2.32558139539426,13.95348837204,79.0697674417772,30.2325581394743,-2.32558139539426,46.5116279069086,62.7906976743429,13.95348837204
4.06666666667,4.06666666667,7.06666666667,5.06666666667,5.06666666667,5.06666666667,10.06666666667,10.06666666667,58.6538461539224,58.6538461539224,101.923076923174,73.0769230770063,73.0769230770063,73.0769230770063,145.192307692426,145.192307692426
0.66666666667,4.66666666667,3.66666666667,3.66666666667,0.66666666667,2.66666666667,3.66666666667,1.66666666667,9.09090909095868,63.636363636438,50.0000000000682,50.0000000000682,9.09090909095868,36.3636363636984,50.0000000000682,22.7272727273285
3.66666666667,-2.33333333333,1.66666666667,0.66666666667,1.66666666667,1.66666666667,-3.33333333333,0.66666666667,50.0000000000682,-31.8181818181508,22.7272727273285,9.09090909095868,22.7272727273285,22.7272727273285,-45.4545454545207,9.09090909095868
3.53333333333,-0.46666666667,-2.46666666667,0.53333333333,-1.46666666667,-0.46666666667,-1.46666666667,-1.46666666667,47.3214285713628,-6.25000000004185,-33.0357142857442,7.14285714280931,-19.642857142893,-6.25000000004185,-19.642857142893,-19.642857142893
2.6,0.6,-1.4,-0.4,6.6,4.6,0.6,0.6,30.9523809523809,7.14285714285714,-16.6666666666667,-4.76190476190477,78.5714285714286,54.7619047619048,7.14285714285714,7.14285714285714
5.6,2.6,-4.4,0.6,0.6,2.6,-2.4,4.6,66.6666666666667,30.9523809523809,-52.3809523809524,7.14285714285714,7.14285714285714,30.9523809523809,-28.5714285714286,54.7619047619048
3.46666666667,-1.53333333333,-2.53333333333,-1.53333333333,1.46666666667,0.466666666669999,-0.533333333330001,-3.53333333333,40.6250000000549,-17.968749999968,-29.6874999999725,-17.968749999968,17.1875000000458,5.46875000004119,-6.24999999996339,-41.4062499999771
-0.66666666667,-2.66666666667,0.33333333333,3.33333333333,-1.66666666667,-1.66666666667,-1.66666666667,1.33333333333,-7.6923076923432,-30.7692307692574,3.8461538461139,38.4615384614852,-19.2307692308003,-19.2307692308003,-19.2307692308003,15.384615384571
-0.4,1.6,6.6,3.6,0.6,2.6,1.6,1.6,-4.76190476190477,19.047619047619,78.5714285714286,42.8571428571428,7.14285714285714,30.9523809523809,19.047619047619,19.047619047619
2.06666666667,4.06666666667,6.06666666667,5.06666666667,-2.93333333333,5.06666666667,3.06666666667,2.06666666667,29.8076923077547,58.6538461539224,87.5000000000901,73.0769230770063,-42.3076923076646,73.0769230770063,44.2307692308386,29.8076923077547
-0.46666666667,3.53333333333,2.53333333333,0.53333333333,-2.46666666667,2.53333333333,-2.46666666667,0.53333333333,-8.53658536590943,64.634146341363,46.3414634145449,9.75609756090868,-45.1219512195457,46.3414634145449,-45.1219512195457,9.75609756090868
2.2,-0.8,1.2,-0.8,0.2,1.2,1.2,0.2,32.3529411764706,-11.7647058823529,17.6470588235294,-11.7647058823529,2.94117647058824,17.6470588235294,17.6470588235294,2.94117647058824
7.46666666667,2.46666666667,2.46666666667,7.46666666667,3.46666666667,7.46666666667,7.46666666667,2.46666666667,114.285714285824,37.7551020408866,37.7551020408866,114.285714285824,53.061224489874,114.285714285824,114.285714285824,37.7551020408866
1,-1,5,6,4,2,6,4,12.5,-12.5,62.5,75,50,25,75,50
-2.2,0.8,-4.2,-1.2,-2.2,0.8,0.8,-1.2,-30.5555555555556,11.1111111111111,-58.3333333333333,-16.6666666666667,-30.5555555555556,11.1111111111111,11.1111111111111,-16.6666666666667
-0.73333333333,3.26666666667,-4.73333333333,-1.73333333333,-2.73333333333,-4.73333333333,-0.73333333333,-1.73333333333,-9.48275862065064,42.2413793104061,-61.2068965517074,-22.4137931034148,-35.344827586179,-61.2068965517074,-9.48275862065064,-22.4137931034148
6.86666666667,1.86666666667,-3.13333333333,3.86666666667,2.86666666667,2.86666666667,2.86666666667,0.86666666667,84.4262295082723,22.9508196721815,-38.5245901639092,47.5409836066178,35.2459016393997,35.2459016393997,35.2459016393997,10.6557377049634
-0.0666666666700007,1.93333333333,-0.0666666666700007,-0.0666666666700007,-1.06666666667,2.93333333333,-2.06666666667,2.93333333333,-0.73529411768356,21.3235294117201,-0.73529411768356,-0.73529411768356,-11.7647058823854,32.3529411764219,-22.7941176470872,32.3529411764219
-1.06666666667,-3.06666666667,0.933333333329999,2.93333333333,-5.06666666667,0.933333333329999,1.93333333333,-0.0666666666700007,-11.7647058823854,-33.823529411789,10.2941176470183,32.3529411764219,-55.8823529411927,10.2941176470183,21.3235294117201,-0.73529411768356
-2.53333333333,-0.533333333330001,1.46666666667,0.466666666669999,-0.533333333330001,0.466666666669999,-1.53333333333,-1.53333333333,-29.6874999999725,-6.24999999996339,17.1875000000458,5.46875000004119,-6.24999999996339,5.46875000004119,-17.968749999968,-17.968749999968
4.06666666667,2.06666666667,4.06666666667,1.06666666667,6.06666666667,6.06666666667,2.06666666667,1.06666666667,45.5223880597558,23.1343283582549,45.5223880597558,11.9402985075045,67.9104477612567,67.9104477612567,23.1343283582549,11.9402985075045
1.53333333333,-1.46666666667,-5.46666666667,-4.46666666667,-0.466666666669999,2.53333333333,-3.46666666667,0.533333333330001,16.1971830985506,-15.4929577465086,-57.7464788732543,-47.1830985915679,-4.9295774648222,26.7605633802371,-36.6197183098815,5.63380281686422
-7.4,-5.4,-6.4,-5.4,-2.4,-1.4,-3.4,-3.4,-71.1538461538462,-51.9230769230769,-61.5384615384615,-51.9230769230769,-23.0769230769231,-13.4615384615385,-32.6923076923077,-32.6923076923077
-7.0666666667,-5.0666666667,-6.0666666667,-3.0666666667,-4.0666666667,-3.0666666667,-0.0666666666999998,-4.0666666667,-63.8554216868558,-45.7831325302838,-54.8192771085698,-27.7108433737117,-36.7469879519978,-27.7108433737117,-0.602409638853605,-36.7469879519978
-6.3333333333,0.666666666699999,-2.3333333333,-0.333333333300001,-4.3333333333,-4.3333333333,-4.3333333333,-4.3333333333,-55.8823529410467,5.88235294148788,-20.5882352938841,-2.94117647030277,-38.2352941174654,-38.2352941174654,-38.2352941174654,-38.2352941174654
-1.4666666667,-2.4666666667,-2.4666666667,-3.4666666667,-5.4666666667,-7.4666666667,-4.4666666667,-2.4666666667,-12.7906976746721,-21.5116279072049,-21.5116279072049,-30.2325581397377,-47.6744186048033,-65.1162790698688,-38.9534883722705,-21.5116279072049
-4.8,-4.8,-4.8,-7.8,-8.8,-4.8,-4.8,-4.8,-44.4444444444444,-44.4444444444444,-44.4444444444444,-72.2222222222222,-81.4814814814815,-44.4444444444444,-44.4444444444444,-44.4444444444444
-6.6666666667,-3.6666666667,-0.666666666699999,-0.666666666699999,-1.6666666667,-3.6666666667,-2.6666666667,-4.6666666667,-62.5000000001172,-34.3750000002051,-6.25000000029296,-6.25000000029296,-15.6250000002637,-34.3750000002051,-25.0000000002344,-43.7500000001758
4,1,4,-1,5,0,5,-1,40,10,40,-10,50,0,50,-10
-1,2,2,-2,4,-1,2,-2,-10,20,20,-20,40,-10,20,-20
-1.86666666667,-2.86666666667,-4.86666666667,-4.86666666667,-0.86666666667,-1.86666666667,-5.86666666667,-3.86666666667,-18.9189189189463,-29.054054054078,-49.3243243243414,-49.3243243243414,-8.7837837838146,-18.9189189189463,-59.4594594594732,-39.1891891892097
1.66666666667,-3.33333333333,-2.33333333333,-0.33333333333,-6.33333333333,-1.33333333333,-0.33333333333,-3.33333333333,17.857142857185,-35.7142857142628,-24.9999999999732,-3.57142857139413,-67.8571428571314,-14.2857142856837,-3.57142857139413,-35.7142857142628
2.8,0.800000000000001,3.8,-0.199999999999999,0.800000000000001,2.8,-0.199999999999999,1.8,30.4347826086957,8.69565217391305,41.304347826087,-2.17391304347825,8.69565217391305,30.4347826086957,-2.17391304347825,19.5652173913044
3.8,1.8,-0.199999999999999,-0.199999999999999,-1.2,3.8,-2.2,0.800000000000001,41.304347826087,19.5652173913044,-2.17391304347825,-2.17391304347825,-13.0434782608696,41.304347826087,-23.9130434782609,8.69565217391305
2.6,-2.4,-1.4,-1.4,-4.4,-3.4,-0.4,-0.4,30.9523809523809,-28.5714285714286,-16.6666666666667,-16.6666666666667,-52.3809523809524,-40.4761904761905,-4.76190476190477,-4.76190476190477
2,-1,-2,-1,0,-3,-7,2,25,-12.5,-25,-12.5,0,-37.5,-87.5,25
2.06666666667,0.0666666666700007,2.06666666667,5.06666666667,1.06666666667,1.06666666667,2.06666666667,-0.933333333329999,23.1343283582549,0.746268656754017,23.1343283582549,56.7164179105062,11.9402985075045,11.9402985075045,23.1343283582549,-10.4477611939964
3.26666666667,-2.73333333333,2.26666666667,6.26666666667,4.26666666667,2.26666666667,3.26666666667,4.26666666667,42.2413793104061,-35.344827586179,29.3103448276419,81.0344827586987,55.1724137931703,29.3103448276419,42.2413793104061,55.1724137931703
0.86666666667,2.86666666667,-3.13333333333,1.86666666667,-2.13333333333,-4.13333333333,0.86666666667,1.86666666667,10.6557377049634,35.2459016393997,-38.5245901639092,22.9508196721815,-26.2295081966911,-50.8196721311274,10.6557377049634,22.9508196721815
1.2,6.2,-2.8,-0.800000000000001,1.2,0.199999999999999,-0.800000000000001,1.2,13.6363636363636,70.4545454545454,-31.8181818181818,-9.0909090909091,13.6363636363636,2.27272727272726,-9.0909090909091,13.6363636363636
-0.33333333333,4.66666666667,0.66666666667,1.66666666667,3.66666666667,-1.33333333333,-0.33333333333,1.66666666667,-3.57142857139413,50.0000000000536,7.14285714289541,17.857142857185,39.285714285764,-14.2857142856837,-3.57142857139413,17.857142857185
-1.93333333333,1.06666666667,2.06666666667,0.0666666666700007,-3.93333333333,-5.93333333333,0.0666666666700007,0.0666666666700007,-21.6417910447469,11.9402985075045,23.1343283582549,0.746268656754017,-44.0298507462478,-66.4179104477487,0.746268656754017,0.746268656754017
-4.2,-1.2,0.800000000000001,-2.2,-3.2,-2.2,-0.199999999999999,-0.199999999999999,-45.6521739130435,-13.0434782608696,8.69565217391305,-23.9130434782609,-34.7826086956522,-23.9130434782609,-2.17391304347825,-2.17391304347825
-2,-4,-3,-7,-2,3,-5,-6,-20,-40,-30,-70,-20,30,-50,-60
1.4666666667,6.4666666667,1.4666666667,4.4666666667,2.4666666667,7.4666666667,4.4666666667,-3.5333333333,13.9240506332719,61.3924050638019,13.9240506332719,42.4050632915899,23.4177215193779,70.8860759499079,42.4050632915899,-33.5443037972581
5,1,0,2,4,2,5,0,50,10,0,20,40,20,50,0
-4.1333333333,-6.1333333333,-3.1333333333,0.8666666667,-0.1333333333,-3.1333333333,0.8666666667,-4.1333333333,-40.7894736840158,-60.5263157893438,-30.9210526313517,8.55263157930445,-1.31578947335959,-30.9210526313517,8.55263157930445,-40.7894736840158
-3.33333333333,1.66666666667,1.66666666667,-1.33333333333,-3.33333333333,-2.33333333333,-4.33333333333,-1.33333333333,-35.7142857142628,17.857142857185,17.857142857185,-14.2857142856837,-35.7142857142628,-24.9999999999732,-46.4285714285523,-14.2857142856837
0.800000000000001,-1.2,1.8,-3.2,9.8,-1.2,3.8,-2.2,8.69565217391305,-13.0434782608696,19.5652173913044,-34.7826086956522,106.521739130435,-13.0434782608696,41.304347826087,-23.9130434782609
-2.2,1.8,2.8,-4.2,2.8,-5.2,-3.2,-2.2,-23.9130434782609,19.5652173913044,30.4347826086957,-45.6521739130435,30.4347826086957,-56.5217391304348,-34.7826086956522,-23.9130434782609
0.800000000000001,-2.2,-2.2,1.8,-1.2,-3.2,-3.2,6.8,8.69565217391305,-23.9130434782609,-23.9130434782609,19.5652173913044,-13.0434782608696,-34.7826086956522,-34.7826086956522,73.9130434782609
4.13333333333,-1.86666666667,-0.86666666667,5.13333333333,-0.86666666667,3.13333333333,0.13333333333,1.13333333333,52.5423728812913,-23.7288135593543,-11.0169491525801,65.2542372880656,-11.0169491525801,39.830508474517,1.6949152541942,14.4067796609685
3.46666666667,4.46666666667,-1.53333333333,7.46666666667,8.46666666667,2.46666666667,4.46666666667,1.46666666667,40.6250000000549,52.3437500000595,-17.968749999968,87.5000000000732,99.2187500000778,28.9062500000503,52.3437500000595,17.1875000000458
1.6,5.6,-0.4,9.6,1.6,2.6,1.6,1.6,19.047619047619,66.6666666666667,-4.76190476190477,114.285714285714,19.047619047619,30.9523809523809,19.047619047619,19.047619047619
2.26666666667,-2.73333333333,-0.73333333333,-0.73333333333,-5.73333333333,-2.73333333333,3.26666666667,3.26666666667,29.3103448276419,-35.344827586179,-9.48275862065064,-9.48275862065064,-74.1379310344716,-35.344827586179,42.2413793104061,42.2413793104061
3.93333333333,-2.06666666667,1.93333333333,-1.06666666667,0.93333333333,2.93333333333,1.93333333333,-0.0666666666699998,55.6603773584171,-29.2452830189013,27.3584905659777,-15.0943396226816,13.2075471697579,41.5094339621974,27.3584905659777,-0.943396226461816
6.13333333333,1.13333333333,-4.86666666667,3.13333333333,8.13333333333,8.13333333333,-1.86666666667,2.13333333333,77.9661016948398,14.4067796609685,-61.8644067796772,39.830508474517,103.389830508388,103.389830508388,-23.7288135593543,27.1186440677428
0.73333333333,1.73333333333,4.73333333333,2.73333333333,-4.26666666667,0.73333333333,-2.26666666667,6.73333333333,8.87096774189158,20.9677419354351,57.2580645160656,33.0645161289786,-51.612903225826,8.87096774189158,-27.4193548387389,81.4516129031526
-0.46666666667,1.53333333333,8.53333333333,0.53333333333,0.53333333333,0.53333333333,-2.46666666667,-0.46666666667,-6.25000000004185,20.5357142856605,114.285714285619,7.14285714280931,7.14285714280931,7.14285714280931,-33.0357142857442,-6.25000000004185
-1.8,-1.8,1.2,1.2,6.2,-0.8,1.2,-1.8,-26.4705882352941,-26.4705882352941,17.6470588235294,17.6470588235294,91.1764705882353,-11.7647058823529,17.6470588235294,-26.4705882352941
4.2,15.2,-0.8,8.2,6.2,8.2,4.2,-0.8,61.7647058823529,223.529411764706,-11.7647058823529,120.588235294118,91.1764705882353,120.588235294118,61.7647058823529,-11.7647058823529
8.86666666667,2.86666666667,5.86666666667,3.86666666667,5.86666666667,-2.13333333333,6.86666666667,1.86666666667,144.565217391437,46.7391304348623,95.6521739131498,63.0434782609582,95.6521739131498,-34.7826086956167,111.956521739246,30.4347826087665
3.46666666667,1.46666666667,0.46666666667,7.46666666667,4.46666666667,0.46666666667,6.46666666667,3.46666666667,53.061224489874,22.4489795918992,7.14285714291181,114.285714285824,68.3673469388614,7.14285714291181,98.9795918368362,53.061224489874
4.46666666667,2.46666666667,1.46666666667,-1.53333333333,-0.53333333333,7.46666666667,3.46666666667,4.46666666667,68.3673469388614,37.7551020408866,22.4489795918992,-23.469387755063,-8.16326530607559,114.285714285824,53.061224489874,68.3673469388614
10.8,1.8,2.8,9.8,6.8,6.8,1.8,0.8,150,25,38.8888888888889,136.111111111111,94.4444444444444,94.4444444444444,25,11.1111111111111
3.73333333333,2.73333333333,10.73333333333,1.73333333333,2.73333333333,5.73333333333,-2.26666666667,7.73333333333,45.1612903225221,33.0645161289786,129.838709677327,20.9677419354351,33.0645161289786,69.3548387096091,-27.4193548387389,93.5483870966961
1.73333333333,1.73333333333,2.73333333333,-3.26666666667,-3.26666666667,3.73333333333,-1.26666666667,-0.26666666667,20.9677419354351,20.9677419354351,33.0645161289786,-39.5161290322825,-39.5161290322825,45.1612903225221,-15.3225806451954,-3.22580645165192
-2.06666666667,0.933333333329999,-1.06666666667,-1.06666666667,-5.06666666667,2.93333333333,-6.06666666667,-5.06666666667,-22.7941176470872,10.2941176470183,-11.7647058823854,-11.7647058823854,-55.8823529411927,32.3529411764219,-66.9117647058945,-55.8823529411927
6,0,3,5,0,7,2,1,75,0,37.5,62.5,0,87.5,25,12.5
6.53333333333,5.53333333333,6.53333333333,2.53333333333,3.53333333333,-2.46666666667,5.53333333333,4.53333333333,87.4999999999163,74.1071428570651,87.4999999999163,33.9285714285116,47.3214285713628,-33.0357142857442,74.1071428570651,60.714285714214
-1.46666666667,6.53333333333,0.53333333333,4.53333333333,3.53333333333,2.53333333333,3.53333333333,-0.46666666667,-19.642857142893,87.4999999999163,7.14285714280931,60.714285714214,47.3214285713628,33.9285714285116,47.3214285713628,-6.25000000004185
-0.66666666667,4.33333333333,1.33333333333,0.33333333333,6.33333333333,7.33333333333,-0.66666666667,-0.66666666667,-10.000000000045,64.9999999999175,19.99999999994,4.9999999999475,94.9999999999025,109.999999999895,-10.000000000045,-10.000000000045
5.86666666667,-0.13333333333,5.86666666667,5.86666666667,1.86666666667,3.86666666667,-2.13333333333,-0.13333333333,95.6521739131498,-2.1739130434251,95.6521739131498,95.6521739131498,30.4347826087665,63.0434782609582,-34.7826086956167,-2.1739130434251
6.53333333333,3.53333333333,0.53333333333,5.53333333333,8.53333333333,0.53333333333,6.53333333333,6.53333333333,87.4999999999163,47.3214285713628,7.14285714280931,74.1071428570651,114.285714285619,7.14285714280931,87.4999999999163,87.4999999999163
-1.6,2.4,1.4,-3.6,1.4,-1.6,2.4,2.4,-21.0526315789474,31.5789473684211,18.421052631579,-47.3684210526316,18.421052631579,-21.0526315789474,31.5789473684211,31.5789473684211
1.86666666667,5.86666666667,-1.13333333333,2.86666666667,1.86666666667,0.86666666667,-0.13333333333,-1.13333333333,22.9508196721815,72.1311475410541,-13.9344262294729,35.2459016393997,22.9508196721815,10.6557377049634,-1.63934426225478,-13.9344262294729
3.26666666667,-2.73333333333,-0.73333333333,7.26666666667,1.26666666667,-3.73333333333,-2.73333333333,-1.73333333333,33.5616438356622,-28.0821917807973,-7.5342465753108,74.6575342466352,13.0136986301757,-38.3561643835405,-28.0821917807973,-17.808219178054
1,4,0,-1,-1,-4,7,0,10,40,0,-10,-10,-40,70,0
-1.7142857143,1.2857142857,2.2857142857,-6.7142857143,-3.7142857143,-2.7142857143,-0.714285714300001,-2.7142857143,-16.000000000112,11.9999999998507,21.3333333331715,-62.6666666667164,-34.6666666667538,-25.3333333334329,-6.66666666679112,-25.3333333334329
-4.2666666667,-2.2666666667,-2.2666666667,-4.2666666667,-6.2666666667,-3.2666666667,1.7333333333,-6.2666666667,-34.7826086958294,-18.4782608697868,-18.4782608697868,-34.7826086958294,-51.0869565218721,-26.6304347828081,14.1304347822986,-51.0869565218721
2.9333333333,-8.0666666667,-1.0666666667,-7.0666666667,-1.0666666667,-6.0666666667,-4.0666666667,-1.0666666667,22.4489795915244,-61.7346938776486,-8.16326530635672,-54.0816326531784,-8.16326530635672,-46.4285714287081,-31.1224489797675,-8.16326530635672
-6.0666666667,-2.0666666667,1.9333333333,-7.0666666667,2.9333333333,-1.0666666667,-1.0666666667,-1.0666666667,-46.4285714287081,-15.816326530827,14.7959183670541,-54.0816326531784,22.4489795915244,-8.16326530635672,-8.16326530635672,-8.16326530635672
-0.4,-5.4,-4.4,-2.4,-4.4,-6.4,-2.4,0.6,-3.22580645161291,-43.5483870967742,-35.4838709677419,-19.3548387096774,-35.4838709677419,-51.6129032258064,-19.3548387096774,4.83870967741935
-6.3333333333,-6.3333333333,-5.3333333333,-8.3333333333,1.6666666667,-3.3333333333,-1.3333333333,-4.3333333333,-47.4999999998688,-47.4999999998688,-39.99999999985,-62.4999999999063,12.5000000002812,-24.9999999998125,-9.999999999775,-32.4999999998313
-3.3333333333,-3.3333333333,0.666666666699999,-2.3333333333,-7.3333333333,-7.3333333333,-12.3333333333,-5.3333333333,-24.9999999998125,-24.9999999998125,5.00000000026249,-17.4999999997938,-54.9999999998875,-54.9999999998875,-92.4999999999813,-39.99999999985
1.3333333333,-0.666666666699999,-2.6666666667,-6.6666666667,-11.6666666667,-0.666666666699999,-3.6666666667,-0.666666666699999,9.09090909066116,-4.54545454567148,-18.1818181820041,-45.4545454546694,-79.545454545501,-4.54545454567148,-25.0000000001705,-4.54545454567148
-9.6666666667,-8.6666666667,-2.6666666667,-6.6666666667,-2.6666666667,-7.6666666667,-1.6666666667,-5.6666666667,-65.9090909091684,-59.0909090910021,-18.1818181820041,-45.4545454546694,-18.1818181820041,-52.2727272728357,-11.3636363638378,-38.6363636365031
-10.1333333333,-6.1333333333,-8.1333333333,-6.1333333333,-5.1333333333,-4.1333333333,-3.1333333333,-8.1333333333,-71.6981132074804,-43.3962264149608,-57.5471698112206,-43.3962264149608,-36.3207547168309,-29.245283018701,-22.1698113205712,-57.5471698112206
-7,-5,-1,-4,3,-1,0,-2,-58.3333333333333,-41.6666666666667,-8.33333333333333,-33.3333333333333,25,-8.33333333333333,0,-16.6666666666667
0.6,2.6,-2.4,-3.4,-8.4,-4.4,2.6,-3.4,4.83870967741935,20.9677419354839,-19.3548387096774,-27.4193548387097,-67.741935483871,-35.4838709677419,20.9677419354839,-27.4193548387097
1.2666666667,2.2666666667,-2.7333333333,-2.7333333333,-1.7333333333,-0.733333333299999,1.2666666667,-1.7333333333,10.7954545457693,19.3181818185208,-23.2954545452366,-23.2954545452366,-14.7727272724851,-6.24999999973366,10.7954545457693,-14.7727272724851
-0.4,-3.4,-2.4,-0.4,0.6,-3.4,-2.4,-4.4,-3.84615384615385,-32.6923076923077,-23.0769230769231,-3.84615384615385,5.76923076923077,-32.6923076923077,-23.0769230769231,-42.3076923076923
-1.2,-4.2,1.8,-0.199999999999999,-2.2,-0.199999999999999,-2.2,-1.2,-10.7142857142857,-37.5,16.0714285714286,-1.78571428571428,-19.6428571428571,-1.78571428571428,-19.6428571428571,-10.7142857142857
5.66666666667,4.66666666667,1.66666666667,0.66666666667,-4.33333333333,-1.33333333333,4.66666666667,8.66666666667,60.7142857143431,50.0000000000536,17.857142857185,7.14285714289541,-46.4285714285523,-14.2857142856837,50.0000000000536,92.8571428572117
-0.1333333333,0.8666666667,3.8666666667,-3.1333333333,-0.1333333333,5.8666666667,-3.1333333333,6.8666666667,-1.31578947335959,8.55263157930445,38.1578947372966,-30.9210526313517,-1.31578947335959,57.8947368426247,-30.9210526313517,67.7631578952887
2,0,0,-1,1,2,-3,7,25,0,0,-12.5,12.5,25,-37.5,87.5
-1.86666666667,-3.86666666667,2.13333333333,6.13333333333,6.13333333333,0.13333333333,-0.86666666667,1.13333333333,-23.7288135593543,-49.1525423729029,27.1186440677428,77.9661016948398,77.9661016948398,1.6949152541942,-11.0169491525801,14.4067796609685
2.93333333333,5.93333333333,5.93333333333,1.93333333333,-0.0666666666699998,-0.0666666666699998,3.93333333333,0.93333333333,41.5094339621974,83.9622641508566,83.9622641508566,27.3584905659777,-0.943396226461816,-0.943396226461816,55.6603773584171,13.2075471697579
7.6,-0.4,3.6,4.6,8.6,2.6,-1.4,6.6,118.75,-6.25000000000001,56.25,71.875,134.375,40.625,-21.875,103.125
1.73333333333,0.73333333333,1.73333333333,6.73333333333,-1.26666666667,0.73333333333,3.73333333333,2.73333333333,20.9677419354351,8.87096774189158,20.9677419354351,81.4516129031526,-15.3225806451954,8.87096774189158,45.1612903225221,33.0645161289786
4.93333333333,2.93333333333,2.93333333333,0.93333333333,-1.06666666667,2.93333333333,2.93333333333,3.93333333333,69.8113207546369,41.5094339621974,41.5094339621974,13.2075471697579,-15.0943396226816,41.5094339621974,41.5094339621974,55.6603773584171
6.4,0.4,-3.6,-2.6,4.4,6.4,10.4,-2.6,84.2105263157895,5.26315789473685,-47.3684210526316,-34.2105263157895,57.8947368421053,84.2105263157895,136.842105263158,-34.2105263157895
5.13333333333,-1.86666666667,-0.86666666667,1.13333333333,4.13333333333,1.13333333333,1.13333333333,5.13333333333,65.2542372880656,-23.7288135593543,-11.0169491525801,14.4067796609685,52.5423728812913,14.4067796609685,14.4067796609685,65.2542372880656
-1.26666666667,0.73333333333,3.73333333333,1.73333333333,-2.26666666667,-2.26666666667,-0.26666666667,3.73333333333,-15.3225806451954,8.87096774189158,45.1612903225221,20.9677419354351,-27.4193548387389,-27.4193548387389,-3.22580645165192,45.1612903225221
0.86666666667,3.86666666667,1.86666666667,6.86666666667,-2.13333333333,-3.13333333333,-1.13333333333,2.86666666667,10.6557377049634,47.5409836066178,22.9508196721815,84.4262295082723,-26.2295081966911,-38.5245901639092,-13.9344262294729,35.2459016393997
2.86666666667,3.86666666667,-0.13333333333,2.86666666667,-2.13333333333,0.86666666667,2.86666666667,-3.13333333333,35.2459016393997,47.5409836066178,-1.63934426225478,35.2459016393997,-26.2295081966911,10.6557377049634,35.2459016393997,-38.5245901639092
2.13333333333,0.13333333333,-2.86666666667,-1.86666666667,7.13333333333,1.13333333333,3.13333333333,1.13333333333,27.1186440677428,1.6949152541942,-36.4406779661286,-23.7288135593543,90.6779661016141,14.4067796609685,39.830508474517,14.4067796609685
-0.4,2.6,3.6,2.6,0.6,1.6,0.6,1.6,-6.25000000000001,40.625,56.25,40.625,9.37499999999999,25,9.37499999999999,25
-1.4,8.6,5.6,9.6,-3.4,-0.4,4.6,3.6,-21.875,134.375,87.5,150,-53.125,-6.25000000000001,71.875,56.25
11.06666666667,8.06666666667,7.06666666667,2.06666666667,7.06666666667,10.06666666667,12.06666666667,5.06666666667,224.324324324543,163.513513513692,143.243243243408,41.8918918919878,143.243243243408,204.054054054259,244.594594594827,102.70270270284
9.06666666667,3.06666666667,1.06666666667,5.06666666667,14.06666666667,3.06666666667,6.06666666667,8.06666666667,183.783783783976,62.1621621622717,21.6216216217038,102.70270270284,285.135135135395,62.1621621622717,122.972972973124,163.513513513692
-0.0666666666699998,2.93333333333,4.93333333333,7.93333333333,-1.06666666667,1.93333333333,3.93333333333,5.93333333333,-1.31578947374913,57.8947368420014,97.3684210525017,156.578947368252,-21.0526315789993,38.1578947367512,77.6315789472516,117.105263157752
7.53333333333,10.53333333333,5.53333333333,1.53333333333,2.53333333333,1.53333333333,9.53333333333,3.53333333333,137.804878048635,192.68292682909,101.219512194999,28.0487804877268,46.3414634145449,28.0487804877268,174.390243902272,64.634146341363
-0.0666666666699998,2.93333333333,-4.06666666667,-0.0666666666699998,11.93333333333,8.93333333333,4.93333333333,2.93333333333,-1.31578947374913,57.8947368420014,-80.2631578947498,-1.31578947374913,235.526315789253,176.315789473502,97.3684210525017,57.8947368420014
6.8,2.8,8.8,8.8,5.8,11.8,15.8,6.8,212.5,87.5,275,275,181.25,368.75,493.75,212.5
3.93333333333,3.93333333333,6.93333333333,6.93333333333,6.93333333333,4.93333333333,10.93333333333,10.93333333333,128.260869564969,128.260869564969,226.086956521385,226.086956521385,226.086956521385,160.869565217108,356.521739129939,356.521739129939
12.66666666667,9.66666666667,2.66666666667,6.66666666667,6.66666666667,2.66666666667,8.66666666667,12.66666666667,380.00000000048,290.00000000039,80.00000000018,200.0000000003,200.0000000003,80.00000000018,260.00000000036,380.00000000048
8.13333333333,5.13333333333,5.13333333333,-0.86666666667,11.13333333333,11.13333333333,7.13333333333,4.13333333333,210.344827585939,132.758620689455,132.758620689455,-22.4137931035152,287.931034482424,287.931034482424,184.482758620444,106.89655172396
8.26666666667,3.26666666667,10.26666666667,11.26666666667,8.26666666667,5.26666666667,9.26666666667,9.26666666667,221.428571428858,87.5000000001674,275.000000000335,301.785714286073,221.428571428858,141.071428571644,248.214285714597,248.214285714597
6,5,6,6,3,9,10,4,150,125,150,150,75,225,250,100
2.86666666667,7.86666666667,3.86666666667,-2.13333333333,6.86666666667,3.86666666667,-1.13333333333,-0.13333333333,46.7391304348623,128.260869565341,63.0434782609582,-34.7826086956167,111.956521739246,63.0434782609582,-18.4782608695209,-2.1739130434251
3.26666666667,5.26666666667,-0.73333333333,0.26666666667,5.26666666667,7.26666666667,-1.73333333333,3.26666666667,42.2413793104061,68.1034482759345,-9.48275862065064,3.44827586211355,68.1034482759345,93.9655172414629,-22.4137931034148,42.2413793104061
-1.28571428571,0.71428571429,-2.28571428571,6.71428571429,2.71428571429,3.71428571429,4.71428571429,5.71428571429,-15.5172413792666,8.6206896552286,-27.5862068965143,81.0344827587143,32.7586206897238,44.8275862069715,56.8965517242191,68.9655172414667
-1.66666666667,-0.66666666667,4.33333333333,1.33333333333,6.33333333333,0.33333333333,5.33333333333,3.33333333333,-19.2307692308003,-7.6923076923432,49.9999999999423,15.384615384571,73.0769230768565,3.8461538461139,61.5384615383994,38.4615384614852
2.8666666667,0.8666666667,-1.1333333333,2.8666666667,-6.1333333333,-0.1333333333,-0.1333333333,2.8666666667,28.2894736846325,8.55263157930445,-11.1842105260236,28.2894736846325,-60.5263157893438,-1.31578947335959,-1.31578947335959,28.2894736846325
9.7333333333,5.7333333333,-0.266666666700001,-3.2666666667,2.7333333333,3.7333333333,-0.266666666700001,-1.2666666667,94.8051948045623,55.8441558436498,-2.59740259771885,-31.8181818184032,26.6233766229655,36.3636363631936,-2.59740259771885,-12.337662337947
-3.9333333333,-5.9333333333,-1.9333333333,6.0666666667,0.0666666666999998,-1.9333333333,3.0666666667,2.0666666667,-35.9756097559024,-54.2682926827874,-17.6829268290173,55.4878048785228,0.60975609786771,-17.6829268290173,28.0487804881953,18.9024390247527
-1.8,-1.8,0.199999999999999,-3.8,2.2,5.2,-3.8,2.2,-16.6666666666667,-16.6666666666667,1.85185185185185,-35.1851851851852,20.3703703703704,48.1481481481481,-35.1851851851852,20.3703703703704
2.1333333333,1.1333333333,-0.8666666667,-3.8666666667,-1.8666666667,-3.8666666667,0.1333333333,3.1333333333,17.9775280895562,9.55056179744508,-7.30337078677724,-32.5842696631107,-15.7303370788884,-32.5842696631107,1.12359550533392,26.4044943816674
-1.6666666667,-1.6666666667,-1.6666666667,-4.6666666667,4.3333333333,-0.666666666699999,-3.6666666667,-6.6666666667,-13.1578947370706,-13.1578947370706,-13.1578947370706,-36.8421052633241,34.2105263154363,-5.26315789498615,-28.9473684212396,-52.6315789474931
-3.9333333333,4.0666666667,0.0666666666999998,-1.9333333333,2.0666666667,2.0666666667,-1.9333333333,-1.9333333333,-30.4123711338413,31.4432989694109,0.515463917784832,-14.9484536080282,15.9793814435979,15.9793814435979,-14.9484536080282,-14.9484536080282
-6.6,2.4,-6.6,-5.6,-6.6,-1.6,-3.6,-2.6,-48.5294117647059,17.6470588235294,-48.5294117647059,-41.1764705882353,-48.5294117647059,-11.7647058823529,-26.4705882352941,-19.1176470588235
0.0666666666999998,-4.9333333333,-3.9333333333,-2.9333333333,-6.9333333333,-0.9333333333,-2.9333333333,0.0666666666999998,0.515463917784832,-38.1443298967478,-30.4123711338413,-22.6804123709347,-53.6082474225609,-7.21649484512169,-22.6804123709347,0.515463917784832
-3.8,-7.8,-5.8,-4.8,-9.8,-13.8,-4.8,-8.8,-25.6756756756757,-52.7027027027027,-39.1891891891892,-32.4324324324324,-66.2162162162162,-93.2432432432432,-32.4324324324324,-59.4594594594595
-3.6666666667,-7.6666666667,0.333333333300001,1.3333333333,-3.6666666667,-7.6666666667,-1.6666666667,-0.666666666699999,-25.0000000001705,-52.2727272728357,2.27272727249484,9.09090909066116,-25.0000000001705,-52.2727272728357,-11.3636363638378,-4.54545454567148
-0.666666666699999,7.3333333333,-7.6666666667,-1.6666666667,-3.6666666667,-0.666666666699999,1.3333333333,5.3333333333,-5.26315789498615,57.8947368416898,-60.5263157895776,-13.1578947370706,-28.9473684212396,-5.26315789498615,10.5263157891828,42.1052631575208
3.7333333333,-1.2666666667,-4.2666666667,-0.266666666700001,-2.2666666667,-4.2666666667,-2.2666666667,-4.2666666667,30.4347826083412,-10.3260869567654,-34.7826086958294,-2.1739130437441,-18.4782608697868,-34.7826086958294,-18.4782608697868,-34.7826086958294
-2.6666666667,-1.6666666667,-7.6666666667,1.3333333333,3.3333333333,-0.666666666699999,-4.6666666667,-4.6666666667,-21.0526315791551,-13.1578947370706,-60.5263157895776,10.5263157891828,26.3157894733518,-5.26315789498615,-36.8421052633241,-36.8421052633241
4.1333333333,-3.8666666667,3.1333333333,-0.8666666667,6.1333333333,-5.8666666667,-0.8666666667,-5.8666666667,34.8314606737786,-32.5842696631107,26.4044943816674,-7.30337078677724,51.6853932580009,-49.438202247333,-7.30337078677724,-49.438202247333
-0.666666666699999,-3.6666666667,4.3333333333,1.3333333333,-3.6666666667,2.3333333333,3.3333333333,7.3333333333,-5.26315789498615,-28.9473684212396,34.2105263154363,10.5263157891828,-28.9473684212396,18.4210526312673,26.3157894733518,57.8947368416898
1.4666666667,-3.5333333333,0.4666666667,3.4666666667,-7.5333333333,4.4666666667,0.4666666667,4.4666666667,11.7021276598715,-28.1914893615111,3.72340425559501,27.6595744684246,-60.1063829786173,35.6382978727012,3.72340425559501,35.6382978727012
-6.4,-3.4,-6.4,-2.4,-0.4,-2.4,-5.4,-0.4,-51.6129032258064,-27.4193548387097,-51.6129032258064,-19.3548387096774,-3.22580645161291,-19.3548387096774,-43.5483870967742,-3.22580645161291
-0.0666666666999998,-4.0666666667,-0.0666666666999998,-5.0666666667,-3.0666666667,-4.0666666667,-3.0666666667,-4.0666666667,-0.510204081886452,-31.1224489797675,-0.510204081886452,-38.7755102042378,-23.4693877552973,-31.1224489797675,-23.4693877552973,-31.1224489797675
-0.266666666700001,1.7333333333,-3.2666666667,-1.2666666667,1.7333333333,-1.2666666667,2.7333333333,-0.266666666700001,-2.1739130437441,14.1304347822986,-26.6304347828081,-10.3260869567654,14.1304347822986,-10.3260869567654,22.2826086953199,-2.1739130437441
-2.2666666667,2.7333333333,-3.2666666667,7.7333333333,-6.2666666667,-2.2666666667,1.7333333333,-4.2666666667,-18.4782608697868,22.2826086953199,-26.6304347828081,63.0434782604265,-51.0869565218721,-18.4782608697868,14.1304347822986,-34.7826086958294
-4.8,1.2,-3.8,0.199999999999999,3.2,-1.8,-4.8,-5.8,-37.5,9.37499999999999,-29.6875,1.56249999999999,25,-14.0625,-37.5,-45.3125
-1.0666666667,-0.0666666666999998,4.9333333333,3.9333333333,4.9333333333,-3.0666666667,-4.0666666667,-6.0666666667,-9.63855421713964,-0.602409638853605,44.5783132525766,35.5421686742905,44.5783132525766,-27.7108433737117,-36.7469879519978,-54.8192771085698
1.8666666667,5.8666666667,6.8666666667,2.8666666667,-4.1333333333,1.8666666667,-2.1333333333,1.8666666667,15.3846153849324,48.3516483520559,56.5934065938368,23.6263736267133,-34.0659340657529,15.3846153849324,-17.5824175821912,15.3846153849324
-2.5333333333,0.4666666667,-2.5333333333,-2.5333333333,5.4666666667,-3.5333333333,6.4666666667,4.4666666667,-24.0506329111521,4.43037974716592,-24.0506329111521,-24.0506329111521,51.8987341776959,-33.5443037972581,61.3924050638019,42.4050632915899
-0.4,2.6,-2.4,-1.4,0.6,-3.4,6.6,-3.4,-3.84615384615385,25,-23.0769230769231,-13.4615384615385,5.76923076923077,-32.6923076923077,63.4615384615385,-32.6923076923077
2.8,2.8,0.800000000000001,0.800000000000001,6.8,3.8,2.8,-2.2,25,25,7.14285714285715,7.14285714285715,60.7142857142857,33.9285714285714,25,-19.6428571428571
-3.1333333333,-3.1333333333,6.8666666667,-0.1333333333,1.8666666667,1.8666666667,0.8666666667,2.8666666667,-30.9210526313517,-30.9210526313517,67.7631578952887,-1.31578947335959,18.4210526319685,18.4210526319685,8.55263157930445,28.2894736846325
6.4,2.4,0.4,-0.6,0.4,-0.6,-0.6,3.4,66.6666666666667,25,4.16666666666667,-6.25,4.16666666666667,-6.25,-6.25,35.4166666666667
3.7333333333,2.7333333333,-4.2666666667,5.7333333333,-2.2666666667,-2.2666666667,-2.2666666667,-0.266666666700001,36.3636363631936,26.6233766229655,-41.5584415586313,55.8441558436498,-22.0779220781751,-22.0779220781751,-22.0779220781751,-2.59740259771885
0.26666666667,-3.73333333333,0.26666666667,5.26666666667,5.26666666667,8.26666666667,1.26666666667,-0.73333333333,3.44827586211355,-48.2758620689432,3.44827586211355,68.1034482759345,68.1034482759345,106.896551724227,16.3793103448777,-9.48275862065064
3.7333333333,-2.2666666667,-0.266666666700001,1.7333333333,0.733333333299999,-0.266666666700001,-1.2666666667,-2.2666666667,36.3636363631936,-22.0779220781751,-2.59740259771885,16.8831168827374,7.14285714250927,-2.59740259771885,-12.337662337947,-22.0779220781751
5.26666666667,-1.73333333333,2.26666666667,4.26666666667,6.26666666667,-2.73333333333,5.26666666667,4.26666666667,54.1095890411487,-17.808219178054,23.2876712329189,43.8356164384054,64.3835616438919,-28.0821917807973,54.1095890411487,43.8356164384054
3.13333333333,2.13333333333,4.13333333333,-3.86666666667,-4.86666666667,2.13333333333,0.13333333333,7.13333333333,31.7567567567122,21.6216216215805,41.891891891844,-39.1891891892097,-49.3243243243414,21.6216216215805,1.35135135131712,72.2972972972391
2,-2,6,-1,-6,-2,-5,-2,20,-20,60,-10,-60,-20,-50,-20
0.4,-0.6,2.4,0.4,2.4,3.4,-2.6,-1.6,4.16666666666667,-6.25,25,4.16666666666667,25,35.4166666666667,-27.0833333333333,-16.6666666666667
-0.33333333333,0.66666666667,1.66666666667,9.66666666667,2.66666666667,5.66666666667,1.66666666667,-2.33333333333,-3.57142857139413,7.14285714289541,17.857142857185,103.571428571501,28.5714285714745,60.7142857143431,17.857142857185,-24.9999999999732
2.4666666667,1.4666666667,-2.5333333333,-2.5333333333,-1.5333333333,0.4666666667,5.4666666667,-0.5333333333,23.4177215193779,13.9240506332719,-24.0506329111521,-24.0506329111521,-14.5569620250461,4.43037974716592,51.8987341776959,-5.06329113894007
0,-4,5,6,3,-2,-2,9,0,-40,50,60,30,-20,-20,90
-3.46666666667,-2.46666666667,0.533333333330001,3.53333333333,7.53333333333,1.53333333333,3.53333333333,0.533333333330001,-36.6197183098815,-26.056338028195,5.63380281686422,37.3239436619235,79.5774647886692,16.1971830985506,37.3239436619235,5.63380281686422
-0.33333333333,-4.33333333333,0.66666666667,-1.33333333333,5.66666666667,5.66666666667,7.66666666667,4.66666666667,-3.57142857139413,-46.4285714285523,7.14285714289541,-14.2857142856837,60.7142857143431,60.7142857143431,82.1428571429222,50.0000000000536
5,0,-1,-3,-1,4,4,1,50,0,-10,-30,-10,40,40,10
5.6,1.6,2.6,1.6,-6.4,0.6,1.6,-1.4,53.8461538461538,15.3846153846154,25,15.3846153846154,-61.5384615384615,5.76923076923077,15.3846153846154,-13.4615384615385
6.7333333333,10.7333333333,5.7333333333,4.7333333333,5.7333333333,-0.266666666700001,-2.2666666667,-4.2666666667,65.584415583878,104.54545454479,55.8441558436498,46.1038961034217,55.8441558436498,-2.59740259771885,-22.0779220781751,-41.5584415586313
2,10,10,7,5,1,-2,-2,20,100,100,70,50,10,-20,-20
-1.7333333333,-1.7333333333,1.2666666667,3.2666666667,-2.7333333333,5.2666666667,-0.733333333299999,-2.7333333333,-14.7727272724851,-14.7727272724851,10.7954545457693,27.8409090912723,-23.2954545452366,44.8863636367753,-6.24999999973366,-23.2954545452366
3.4,-0.6,-0.6,2.4,1.4,2.4,-0.6,-3.6,35.4166666666667,-6.25,-6.25,25,14.5833333333333,25,-6.25,-37.5
-2.2666666667,-6.2666666667,-1.2666666667,1.7333333333,5.7333333333,-1.2666666667,-0.266666666700001,4.7333333333,-18.4782608697868,-51.0869565218721,-10.3260869567654,14.1304347822986,46.7391304343839,-10.3260869567654,-2.1739130437441,38.5869565213625
2.8,-1.2,0.800000000000001,3.8,-0.199999999999999,-0.199999999999999,-5.2,4.8,25,-10.7142857142857,7.14285714285715,33.9285714285714,-1.78571428571428,-1.78571428571428,-46.4285714285714,42.8571428571429
-3.4666666667,-3.4666666667,-0.4666666667,-0.4666666667,-2.4666666667,3.5333333333,-2.4666666667,-1.4666666667,-30.2325581397377,-30.2325581397377,-4.06976744213933,-4.06976744213933,-21.5116279072049,30.8139534879918,-21.5116279072049,-12.7906976746721
-2.6,-5.6,-4.6,-3.6,0.4,-1.6,-0.6,-7.6,-22.4137931034483,-48.2758620689655,-39.6551724137931,-31.0344827586207,3.44827586206897,-13.7931034482759,-5.17241379310345,-65.5172413793103
-6,-5,3,1,-4,-4,-4,-8,-42.8571428571429,-35.7142857142857,21.4285714285714,7.14285714285714,-28.5714285714286,-28.5714285714286,-28.5714285714286,-57.1428571428571
2.6666666667,-7.3333333333,-2.3333333333,-6.3333333333,-8.3333333333,7.6666666667,-6.3333333333,-8.3333333333,20.0000000003,-54.9999999998875,-17.4999999997938,-47.4999999998688,-62.4999999999063,57.5000000003937,-47.4999999998688,-62.4999999999063
-6.4,0.600000000000001,-8.4,-6.4,-7.4,-1.4,-4.4,-5.4,-39.0243902439024,3.65853658536586,-51.219512195122,-39.0243902439024,-45.1219512195122,-8.53658536585365,-26.8292682926829,-32.9268292682927
-11,0,-4,-6,-1,-3,-11,1,-68.75,0,-25,-37.5,-6.25,-18.75,-68.75,6.25
-3.9333333333,-0.933333333299998,-7.9333333333,-7.9333333333,-2.9333333333,-0.933333333299998,-6.9333333333,-4.9333333333,-23.2283464565418,-5.51181102343604,-46.8503937006828,-46.8503937006828,-17.3228346455065,-5.51181102343604,-40.9448818896475,-29.133858267577
-8.7333333333,-0.733333333299999,-8.7333333333,-5.7333333333,-6.7333333333,-3.7333333333,-0.733333333299999,-4.7333333333,-55.5084745761769,-4.66101694895055,-55.5084745761769,-36.440677965967,-42.7966101693703,-23.7288135591604,-4.66101694895055,-30.0847457625637
-0.8666666667,-9.8666666667,2.1333333333,-8.8666666667,-4.8666666667,-8.8666666667,1.1333333333,-3.8666666667,-5.46218487414819,-62.1848739496593,13.4453781510222,-55.8823529412692,-30.6722689077087,-55.8823529412692,7.14285714263205,-24.3697478993186
-2.8666666667,-4.8666666667,-12.8666666667,-4.8666666667,-1.8666666667,-1.8666666667,-7.8666666667,0.1333333333,-18.0672268909284,-30.6722689077087,-81.0924369748296,-30.6722689077087,-11.7647058825383,-11.7647058825383,-49.579831932879,0.840336134241929
-2.4666666667,-3.4666666667,-4.4666666667,-7.4666666667,3.5333333333,-10.4666666667,-7.4666666667,1.5333333333,-15.9482758622501,-22.4137931036155,-28.8793103449809,-48.275862069077,22.8448275859421,-67.6724137931731,-48.275862069077,9.91379310321139
-2.7333333333,3.2666666667,6.2666666667,1.2666666667,-6.7333333333,2.2666666667,3.2666666667,-6.7333333333,-19.9029126211648,23.7864077672908,45.6310679615185,9.2233009711389,-49.0291262134685,16.5048543692148,23.7864077672908,-49.0291262134685
-6.5333333333,-7.5333333333,0.4666666667,-7.5333333333,-0.5333333333,-1.5333333333,-0.5333333333,-8.5333333333,-39.5161290321361,-45.5645161289225,2.82258064536859,-45.5645161289225,-3.22580645141779,-9.27419354820418,-3.22580645141779,-51.6129032257089
0.4,1.4,-4.6,-4.6,-7.6,-8.6,9.4,-2.6,2.94117647058824,10.2941176470588,-33.8235294117647,-33.8235294117647,-55.8823529411765,-63.2352941176471,69.1176470588235,-19.1176470588235
-0.266666666700001,1.7333333333,-5.2666666667,-8.2666666667,1.7333333333,-3.2666666667,-4.2666666667,-3.2666666667,-1.86915887873396,12.1495327100183,-36.9158878506147,-57.9439252337431,12.1495327100183,-22.8971962618624,-29.9065420562385,-22.8971962618624
0.266666666700001,-4.7333333333,-5.7333333333,-1.7333333333,1.2666666667,-8.7333333333,-8.7333333333,-1.7333333333,1.94174757306297,-34.4660194173167,-41.7475728153926,-12.6213592230889,9.2233009711389,-63.5922330096204,-63.5922330096204,-12.6213592230889
-7.2,-3.2,-3.2,-7.2,-8.2,-5.2,5.8,3.8,-54.5454545454545,-24.2424242424242,-24.2424242424242,-54.5454545454545,-62.1212121212121,-39.3939393939394,43.9393939393939,28.7878787878788
-2.2,2.8,-3.2,0.800000000000001,0.800000000000001,-3.2,-0.199999999999999,-2.2,-19.6428571428571,25,-28.5714285714286,7.14285714285715,7.14285714285715,-28.5714285714286,-1.78571428571428,-19.6428571428571
3.9333333333,1.9333333333,-2.0666666667,7.9333333333,-0.0666666666999998,-4.0666666667,1.9333333333,5.9333333333,35.5421686742905,17.4698795177185,-18.6746987954257,71.6867469874347,-0.602409638853605,-36.7469879519978,17.4698795177185,53.6144578308626
9.46666666667,3.46666666667,10.46666666667,9.46666666667,9.46666666667,-1.53333333333,-2.53333333333,4.46666666667,110.937500000082,40.6250000000549,122.656250000087,110.937500000082,110.937500000082,-17.968749999968,-29.6874999999725,52.3437500000595
4.2,1.2,1.2,-0.800000000000001,-0.800000000000001,-5.8,4.2,8.2,38.8888888888889,11.1111111111111,11.1111111111111,-7.40740740740741,-7.40740740740741,-53.7037037037037,38.8888888888889,75.9259259259259
-2.6,-3.6,1.4,-2.6,-2.6,2.4,3.4,3.4,-27.0833333333333,-37.5,14.5833333333333,-27.0833333333333,-27.0833333333333,25,35.4166666666667,35.4166666666667
-1.8666666667,-1.8666666667,-3.8666666667,3.1333333333,7.1333333333,1.1333333333,-3.8666666667,-0.8666666667,-15.7303370788884,-15.7303370788884,-32.5842696631107,26.4044943816674,60.112359550112,9.55056179744508,-32.5842696631107,-7.30337078677724
-0.4666666667,-0.4666666667,5.5333333333,3.5333333333,0.5333333333,5.5333333333,3.5333333333,-6.4666666667,-4.06976744213933,-4.06976744213933,48.2558139530574,30.8139534879918,4.65116279039345,48.2558139530574,30.8139534879918,-56.3953488373361
-2.5333333333,5.4666666667,-5.5333333333,-8.5333333333,1.4666666667,-0.5333333333,-1.5333333333,-6.5333333333,-20.2127659572346,43.6170212769777,-44.1489361700642,-68.0851063828938,11.7021276598715,-4.25531914868153,-12.2340425529581,-52.1276595743408
-7.2,-3.2,-2.2,3.8,-2.2,-1.2,-5.2,-0.199999999999999,-54.5454545454545,-24.2424242424242,-16.6666666666667,28.7878787878788,-16.6666666666667,-9.09090909090909,-39.3939393939394,-1.51515151515151
-4.1333333333,-5.1333333333,-1.1333333333,-2.1333333333,-6.1333333333,4.8666666667,0.8666666667,3.8666666667,-29.245283018701,-36.3207547168309,-8.01886792431136,-15.0943396224413,-43.3962264149608,34.433962264468,6.13207547194843,27.3584905663381
2.6666666667,3.6666666667,-4.3333333333,1.6666666667,-9.3333333333,-2.3333333333,1.6666666667,1.6666666667,23.5294117650692,32.3529411768599,-38.2352941174654,14.7058823532785,-82.3529411764187,-20.5882352938841,14.7058823532785,14.7058823532785
6.0666666667,0.0666666666999998,-9.9333333333,5.0666666667,2.0666666667,-3.9333333333,2.0666666667,-4.9333333333,46.907216495224,0.515463917784832,-76.8041237112804,39.1752577323175,15.9793814435979,-30.4123711338413,15.9793814435979,-38.1443298967478
-5.2666666667,-6.2666666667,10.7333333333,1.7333333333,-5.2666666667,-3.2666666667,4.7333333333,-4.2666666667,-42.9347826088507,-51.0869565218721,87.4999999994905,14.1304347822986,-42.9347826088507,-26.6304347828081,38.5869565213625,-34.7826086958294
-2.2,-1.2,3.8,-6.2,3.8,7.8,8.8,0.800000000000001,-16.6666666666667,-9.09090909090909,28.7878787878788,-46.969696969697,28.7878787878788,59.0909090909091,66.6666666666667,6.06060606060607
-4.4666666667,4.5333333333,2.5333333333,-3.4666666667,-0.4666666667,-0.4666666667,-0.4666666667,-2.4666666667,-33.1683168318486,33.6633663363028,18.8118811878247,-25.7425742576095,-3.46534653489241,-3.46534653489241,-3.46534653489241,-18.3168316833705
1.5333333333,5.5333333333,-3.4666666667,2.5333333333,-12.4666666667,-7.4666666667,-6.4666666667,-2.4666666667,11.3861386135857,41.0891089105419,-25.7425742576095,18.8118811878247,-92.5742574257609,-55.4455445545657,-48.0198019803267,-18.3168316833705
-3.3333333333,6.6666666667,-5.3333333333,-0.333333333300001,3.6666666667,0.666666666699999,-2.3333333333,-6.3333333333,-24.9999999998125,50.000000000375,-39.99999999985,-2.49999999975625,27.5000000003187,5.00000000026249,-17.4999999997938,-47.4999999998688
-0.266666666700001,4.7333333333,-7.2666666667,1.7333333333,0.733333333299999,-9.2666666667,-8.2666666667,-4.2666666667,-1.86915887873396,33.1775700931468,-50.934579439367,12.1495327100183,5.14018691564219,-64.9532710281193,-57.9439252337431,-29.9065420562385
-5,-5,0,6,3,1,-10,9,-41.6666666666667,-41.6666666666667,0,50,25,8.33333333333333,-83.3333333333333,75
1.1333333333,-4.8666666667,-4.8666666667,-3.8666666667,-5.8666666667,-1.8666666667,-4.8666666667,-0.8666666667,8.17307692281689,-35.0961538463099,-35.0961538463099,-27.8846153847887,-42.307692307831,-13.4615384617465,-35.0961538463099,-6.25000000022536
-1.1333333333,-5.1333333333,-3.1333333333,-5.1333333333,-8.1333333333,0.8666666667,1.8666666667,0.8666666667,-9.34065934041027,-42.3076923075338,-25.824175823972,-42.3076923075338,-67.0329670328765,7.1428571431515,15.3846153849324,7.1428571431515
5.2,-2.8,7.2,-0.800000000000001,-5.8,3.2,-1.8,3.2,40.625,-21.875,56.25,-6.25000000000001,-45.3125,25,-14.0625,25
7.1333333333,1.1333333333,1.1333333333,-3.8666666667,3.1333333333,5.1333333333,-2.8666666667,6.1333333333,60.112359550112,9.55056179744508,9.55056179744508,-32.5842696631107,26.4044943816674,43.2584269658897,-24.1573033709996,51.6853932580009
5.7333333333,1.7333333333,-1.2666666667,-5.2666666667,-2.2666666667,-3.2666666667,-0.266666666700001,4.7333333333,46.7391304343839,14.1304347822986,-10.3260869567654,-42.9347826088507,-18.4782608697868,-26.6304347828081,-2.1739130437441,38.5869565213625
4.5333333333,7.5333333333,-5.4666666667,3.5333333333,-0.4666666667,-3.4666666667,2.5333333333,-0.4666666667,39.5348837205246,65.697674418123,-47.6744186048033,30.8139534879918,-4.06976744213933,-30.2325581397377,22.093023255459,-4.06976744213933
-4.1333333333,-0.1333333333,-2.1333333333,2.8666666667,-3.1333333333,2.8666666667,-3.1333333333,-6.1333333333,-34.0659340657529,-1.09890109862939,-17.5824175821912,23.6263736267133,-25.824175823972,23.6263736267133,-25.824175823972,-50.5494505493147
6.3333333333,2.3333333333,3.3333333333,3.3333333333,5.3333333333,10.3333333333,11.3333333333,-0.666666666699999,59.374999999502,21.8749999996191,31.2499999995898,31.2499999995898,49.9999999995313,96.8749999993848,106.249999999355,-6.25000000029296
0.4,-2.6,-2.6,2.4,4.4,0.4,-4.6,-1.6,3.44827586206897,-22.4137931034483,-22.4137931034483,20.6896551724138,37.9310344827586,3.44827586206897,-39.6551724137931,-13.7931034482759
1.3333333333,2.3333333333,-3.6666666667,2.3333333333,-0.666666666699999,1.3333333333,1.3333333333,5.3333333333,12.4999999996484,21.8749999996191,-34.3750000002051,21.8749999996191,-6.25000000029296,12.4999999996484,12.4999999996484,49.9999999995313
1.6666666667,-0.333333333300001,5.6666666667,-4.3333333333,1.6666666667,6.6666666667,-4.3333333333,4.6666666667,14.7058823532785,-2.94117647030277,50.0000000004412,-38.2352941174654,14.7058823532785,58.8235294122318,-38.2352941174654,41.1764705886505
-3.5333333333,-1.5333333333,0.4666666667,0.4666666667,-4.5333333333,-0.5333333333,4.4666666667,-4.5333333333,-33.5443037972581,-14.5569620250461,4.43037974716592,4.43037974716592,-43.037974683364,-5.06329113894007,42.4050632915899,-43.037974683364
2.3333333333,-5.6666666667,3.3333333333,-5.6666666667,-3.6666666667,-6.6666666667,6.3333333333,-8.6666666667,21.8749999996191,-53.1250000001465,31.2499999995898,-53.1250000001465,-34.3750000002051,-62.5000000001172,59.374999999502,-81.2500000000586
1.8,9.8,0.800000000000001,5.8,-1.2,-4.2,0.800000000000001,-1.2,19.5652173913044,106.521739130435,8.69565217391305,63.0434782608696,-13.0434782608696,-45.6521739130435,8.69565217391305,-13.0434782608696
-1.9333333333,3.0666666667,-0.9333333333,3.0666666667,-1.9333333333,-0.9333333333,3.0666666667,-1.9333333333,-17.6829268290173,28.0487804881953,-8.53658536557481,28.0487804881953,-17.6829268290173,-8.53658536557481,28.0487804881953,-17.6829268290173
8.8,2.8,-2.2,6.8,-1.2,-6.2,6.8,0.800000000000001,95.6521739130435,30.4347826086957,-23.9130434782609,73.9130434782609,-13.0434782608696,-67.3913043478261,73.9130434782609,8.69565217391305
3.53333333333,1.53333333333,6.53333333333,9.53333333333,0.533333333330001,-0.466666666669999,3.53333333333,-2.46666666667,37.3239436619235,16.1971830985506,69.0140845069828,100.704225352042,5.63380281686422,-4.9295774648222,37.3239436619235,-26.056338028195
-0.66666666667,6.33333333333,1.33333333333,0.33333333333,9.33333333333,1.33333333333,-1.66666666667,0.33333333333,-7.6923076923432,73.0769230768565,15.384615384571,3.8461538461139,107.692307692228,15.384615384571,-19.2307692308003,3.8461538461139
-1.86666666667,2.13333333333,3.13333333333,0.13333333333,-0.86666666667,-4.86666666667,-6.86666666667,4.13333333333,-18.9189189189463,21.6216216215805,31.7567567567122,1.35135135131712,-8.7837837838146,-49.3243243243414,-69.5945945946049,41.891891891844
-0.933333333329999,1.06666666667,2.06666666667,5.06666666667,0.0666666666700007,4.06666666667,9.06666666667,3.06666666667,-10.4477611939964,11.9402985075045,23.1343283582549,56.7164179105062,0.746268656754017,45.5223880597558,101.492537313508,34.3283582090054
1.8666666667,3.8666666667,4.8666666667,-2.1333333333,0.8666666667,-1.1333333333,0.8666666667,-0.1333333333,18.4210526319685,38.1578947372966,48.0263157899606,-21.0526315786877,8.55263157930445,-11.1842105260236,8.55263157930445,-1.31578947335959
5.8,12.8,8.8,-1.2,7.8,-0.199999999999999,-1.2,8.8,63.0434782608696,139.130434782609,95.6521739130435,-13.0434782608696,84.7826086956522,-2.17391304347825,-13.0434782608696,95.6521739130435
-3.3333333333,6.6666666667,-6.3333333333,1.6666666667,0.666666666699999,3.6666666667,-4.3333333333,0.666666666699999,-29.4117647056747,58.8235294122318,-55.8823529410467,14.7058823532785,5.88235294148788,32.3529411768599,-38.2352941174654,5.88235294148788
-1.2,-5.2,1.8,4.8,-0.199999999999999,-1.2,10.8,-2.2,-10.7142857142857,-46.4285714285714,16.0714285714286,42.8571428571429,-1.78571428571428,-10.7142857142857,96.4285714285714,-19.6428571428571
-1.2666666667,2.7333333333,-0.266666666700001,4.7333333333,-2.2666666667,-5.2666666667,1.7333333333,0.733333333299999,-10.3260869567654,22.2826086953199,-2.1739130437441,38.5869565213625,-18.4782608697868,-42.9347826088507,14.1304347822986,5.97826086927723
2.5333333333,2.5333333333,-1.4666666667,-2.4666666667,-3.4666666667,-0.4666666667,-6.4666666667,0.5333333333,22.093023255459,22.093023255459,-12.7906976746721,-21.5116279072049,-30.2325581397377,-4.06976744213933,-56.3953488373361,4.65116279039345
-3.8,-1.8,3.2,-4.8,-1.8,-4.8,-5.8,-5.8,-29.6875,-14.0625,25,-37.5,-14.0625,-37.5,-45.3125,-45.3125
-2.6666666667,-3.6666666667,1.3333333333,-8.6666666667,-0.666666666699999,-6.6666666667,-1.6666666667,-2.6666666667,-21.0526315791551,-28.9473684212396,10.5263157891828,-68.4210526316621,-5.26315789498615,-52.6315789474931,-13.1578947370706,-21.0526315791551
-3,-1,-6,-8,-3,-4,-6,-1,-21.4285714285714,-7.14285714285714,-42.8571428571429,-57.1428571428571,-21.4285714285714,-28.5714285714286,-42.8571428571429,-7.14285714285714
-2.8,1.2,-3.8,-0.800000000000001,3.2,-0.800000000000001,-2.8,-2.8,-21.875,9.37499999999999,-29.6875,-6.25000000000001,25,-6.25000000000001,-21.875,-21.875
-0.800000000000001,-3.8,-2.8,-7.8,-6.8,-6.8,-2.8,-3.8,-5.40540540540541,-25.6756756756757,-18.9189189189189,-52.7027027027027,-45.945945945946,-45.945945945946,-18.9189189189189,-25.6756756756757
-4.8666666667,-5.8666666667,3.1333333333,-2.8666666667,-2.8666666667,-5.8666666667,-4.8666666667,4.1333333333,-35.0961538463099,-42.307692307831,22.5961538458591,-20.6730769232676,-20.6730769232676,-42.307692307831,-35.0961538463099,29.8076923073803
0.333333333300001,-1.6666666667,-1.6666666667,-3.6666666667,0.333333333300001,0.333333333300001,0.333333333300001,-5.6666666667,2.27272727249484,-11.3636363638378,-11.3636363638378,-25.0000000001705,2.27272727249484,2.27272727249484,2.27272727249484,-38.6363636365031
-2.3333333333,4.6666666667,-3.3333333333,3.6666666667,-6.3333333333,-6.3333333333,-0.333333333300001,-6.3333333333,-17.4999999997938,35.0000000003375,-24.9999999998125,27.5000000003187,-47.4999999998688,-47.4999999998688,-2.49999999975625,-47.4999999998688
3.4666666667,-4.5333333333,-4.5333333333,-3.5333333333,-3.5333333333,-3.5333333333,-2.5333333333,-9.5333333333,23.8532110094584,-31.1926605503009,-31.1926605503009,-24.311926605331,-24.311926605331,-24.311926605331,-17.4311926603611,-65.5963302751505
-0.333333333300001,-2.3333333333,-7.3333333333,-1.3333333333,0.666666666699999,3.6666666667,-4.3333333333,-1.3333333333,-2.49999999975625,-17.4999999997938,-54.9999999998875,-9.999999999775,5.00000000026249,27.5000000003187,-32.4999999998313,-9.999999999775
-8.9333333333,-2.9333333333,4.0666666667,-4.9333333333,-8.9333333333,-2.9333333333,1.0666666667,-7.9333333333,-59.8214285713389,-19.6428571426778,27.2321428574269,-33.0357142855648,-59.8214285713389,-19.6428571426778,7.1428571430963,-53.1249999998954
1.4,3.4,3.4,6.4,-3.6,-3.6,-3.6,-0.6,10.2941176470588,25,25,47.0588235294118,-26.4705882352941,-26.4705882352941,-26.4705882352941,-4.41176470588235
-0.4,-4.4,-5.4,-13.4,-1.4,-10.4,-1.4,-10.4,-2.77777777777778,-30.5555555555556,-37.5,-93.0555555555556,-9.72222222222222,-72.2222222222222,-9.72222222222222,-72.2222222222222
-5.2,-3.2,-3.2,2.8,-3.2,-1.2,4.8,-5.2,-39.3939393939394,-24.2424242424242,-24.2424242424242,21.2121212121212,-24.2424242424242,-9.09090909090909,36.3636363636364,-39.3939393939394
-1.6,0.4,-2.6,-2.6,-0.6,-1.6,-1.6,-9.6,-11.7647058823529,2.94117647058824,-19.1176470588235,-19.1176470588235,-4.41176470588235,-11.7647058823529,-11.7647058823529,-70.5882352941177
2.0666666667,-1.9333333333,-0.9333333333,3.0666666667,-8.9333333333,-1.9333333333,0.0666666666999998,-4.9333333333,15.9793814435979,-14.9484536080282,-7.21649484512169,23.7113402065044,-69.0721649483739,-14.9484536080282,0.515463917784832,-38.1443298967478
-2.1333333333,-1.1333333333,-4.1333333333,-6.1333333333,-3.1333333333,3.8666666667,-8.1333333333,-0.1333333333,-15.0943396224413,-8.01886792431136,-29.245283018701,-43.3962264149608,-22.1698113205712,27.3584905663381,-57.5471698112206,-0.943396226181467
-3.6,4.4,-0.6,2.4,-4.6,-1.6,-0.6,-3.6,-26.4705882352941,32.3529411764706,-4.41176470588235,17.6470588235294,-33.8235294117647,-11.7647058823529,-4.41176470588235,-26.4705882352941
-4.2666666667,-8.2666666667,-7.2666666667,-4.2666666667,-6.2666666667,-0.266666666700001,-4.2666666667,-4.2666666667,-29.9065420562385,-57.9439252337431,-50.934579439367,-29.9065420562385,-43.9252336449908,-1.86915887873396,-29.9065420562385,-29.9065420562385
6.7333333333,0.733333333299999,-5.2666666667,-1.2666666667,-2.2666666667,1.7333333333,4.7333333333,-2.2666666667,54.8913043474052,5.97826086927723,-42.9347826088507,-10.3260869567654,-18.4782608697868,14.1304347822986,38.5869565213625,-18.4782608697868
-2,-3,-7,-7,-1,-8,-2,-10,-14.2857142857143,-21.4285714285714,-50,-50,-7.14285714285714,-57.1428571428571,-14.2857142857143,-71.4285714285714
6,-8,-3,-2,2,-1,-3,2,42.8571428571429,-57.1428571428571,-21.4285714285714,-14.2857142857143,14.2857142857143,-7.14285714285714,-21.4285714285714,14.2857142857143
-7.6,2.4,-4.6,-3.6,-4.6,-5.6,-4.6,-7.6,-48.7179487179487,15.3846153846154,-29.4871794871795,-23.0769230769231,-29.4871794871795,-35.8974358974359,-29.4871794871795,-48.7179487179487
-3.5333333333,-2.5333333333,2.4666666667,-5.5333333333,-2.5333333333,-2.5333333333,-3.5333333333,-1.5333333333,-24.311926605331,-17.4311926603611,16.9724770644885,-38.0733944952708,-17.4311926603611,-17.4311926603611,-24.311926605331,-10.5504587153912
-0.133333333300001,-7.1333333333,-1.1333333333,-1.1333333333,0.866666666699999,-1.1333333333,-4.1333333333,-0.133333333300001,-0.82644628078684,-44.2148760329426,-7.02479338823766,-7.02479338823766,5.37190082666398,-7.02479338823766,-25.6198347105901,-0.82644628078684
1.4666666667,1.4666666667,1.4666666667,-0.5333333333,-3.5333333333,-6.5333333333,-3.5333333333,4.4666666667,10.0917431195186,10.0917431195186,10.0917431195186,-3.66972477042126,-24.311926605331,-44.9541284402407,-24.311926605331,30.7339449544283
3.0666666667,-1.9333333333,-1.9333333333,3.0666666667,-3.9333333333,0.0666666666999998,2.0666666667,4.0666666667,20.5357142859833,-12.9464285712343,-12.9464285712343,20.5357142859833,-26.3392857141213,0.446428571652781,13.8392857145398,27.2321428574269
-2.7333333333,-2.7333333333,0.266666666700001,-1.7333333333,-1.7333333333,-3.7333333333,-4.7333333333,-5.7333333333,-19.9029126211648,-19.9029126211648,1.94174757306297,-12.6213592230889,-12.6213592230889,-27.1844660192407,-34.4660194173167,-41.7475728153926
-6.4666666667,-3.4666666667,-8.4666666667,-0.4666666667,-4.4666666667,1.5333333333,-6.4666666667,-0.4666666667,-41.8103448277116,-22.4137931036155,-54.7413793104424,-3.01724137951936,-28.8793103449809,9.91379310321139,-41.8103448277116,-3.01724137951936
-3.7333333333,4.2666666667,-0.733333333299999,1.2666666667,-9.7333333333,-1.7333333333,-1.7333333333,2.2666666667,-23.7288135591604,27.1186440680659,-4.66101694895055,8.05084745785605,-61.8644067795802,-11.0169491523538,-11.0169491523538,14.4067796612593
-8.6666666667,-5.6666666667,1.3333333333,-5.6666666667,-1.6666666667,-2.6666666667,-0.666666666699999,-0.666666666699999,-52.000000000096,-34.000000000132,7.999999999784,-34.000000000132,-10.00000000018,-16.000000000168,-4.000000000192,-4.000000000192
-5.6,-4.6,-1.6,-9.6,-1.6,-10.6,-5.6,13.4,-35.8974358974359,-29.4871794871795,-10.2564102564103,-61.5384615384615,-10.2564102564103,-67.948717948718,-35.8974358974359,85.8974358974359
-4.4666666667,-4.4666666667,-3.4666666667,1.5333333333,-7.4666666667,-6.4666666667,-0.4666666667,-4.4666666667,-28.8793103449809,-28.8793103449809,-22.4137931036155,9.91379310321139,-48.275862069077,-41.8103448277116,-3.01724137951936,-28.8793103449809
-2.5333333333,-3.5333333333,-2.5333333333,6.4666666667,0.4666666667,-1.5333333333,1.4666666667,-7.5333333333,-17.4311926603611,-24.311926605331,-17.4311926603611,44.4954128443681,3.21100917454865,-10.5504587153912,10.0917431195186,-51.8348623852106
-8.6,1.4,-2.6,-0.6,-2.6,-8.6,2.4,-2.6,-55.1282051282051,8.97435897435898,-16.6666666666667,-3.84615384615384,-16.6666666666667,-55.1282051282051,15.3846153846154,-16.6666666666667
-0.1333333333,-4.1333333333,0.8666666667,-6.1333333333,-1.1333333333,-0.1333333333,-6.1333333333,-7.1333333333,-0.943396226181467,-29.245283018701,6.13207547194843,-43.3962264149608,-8.01886792431136,-0.943396226181467,-43.3962264149608,-50.4716981130907
2.2,-2.8,-9.8,-6.8,-3.8,5.2,-7.8,-11.8,13.0952380952381,-16.6666666666667,-58.3333333333333,-40.4761904761905,-22.6190476190476,30.9523809523809,-46.4285714285714,-70.2380952380952
8.5333333333,-2.4666666667,-7.4666666667,-1.4666666667,-1.4666666667,-8.4666666667,2.5333333333,-4.4666666667,55.172413792769,-15.9482758622501,-48.275862069077,-9.48275862088474,-9.48275862088474,-54.7413793104424,16.3793103445768,-28.8793103449809
-10.9333333333,-1.9333333333,-2.9333333333,-5.9333333333,4.0666666667,-5.9333333333,1.0666666667,-5.9333333333,-64.5669291337885,-11.4173228344713,-17.3228346455065,-35.0393700786123,24.0157480317402,-35.0393700786123,6.29921259863446,-35.0393700786123
-12.4666666667,-5.4666666667,-5.4666666667,-6.4666666667,-2.4666666667,-0.4666666667,-3.4666666667,-7.4666666667,-80.6034482759039,-35.3448275863462,-35.3448275863462,-41.8103448277116,-15.9482758622501,-3.01724137951936,-22.4137931036155,-48.275862069077
-8.5333333333,-2.5333333333,-4.5333333333,-1.5333333333,-9.5333333333,-12.5333333333,-0.5333333333,-6.5333333333,-51.6129032257089,-15.3225806449906,-27.4193548385633,-9.27419354820418,-57.6612903224953,-75.8064516128545,-3.22580645141779,-39.5161290321361
-1.2,8.8,-7.2,-1.2,1.8,-5.2,-2.2,-8.2,-7.89473684210526,57.8947368421053,-47.3684210526316,-7.89473684210526,11.8421052631579,-34.2105263157895,-14.4736842105263,-53.9473684210526
-9.8666666667,-7.8666666667,-3.8666666667,-2.8666666667,-0.8666666667,-0.8666666667,-7.8666666667,-3.8666666667,-62.1848739496593,-49.579831932879,-24.3697478993186,-18.0672268909284,-5.46218487414819,-5.46218487414819,-49.579831932879,-24.3697478993186
-3.4,-6.4,-5.4,-7.4,-9.4,-2.4,-0.4,-7.4,-23.6111111111111,-44.4444444444444,-37.5,-51.3888888888889,-65.2777777777778,-16.6666666666667,-2.77777777777778,-51.3888888888889
-8.3333333333,-5.3333333333,-0.333333333300001,-8.3333333333,1.6666666667,-3.3333333333,5.6666666667,-13.3333333333,-54.3478260868573,-34.7826086955104,-2.1739130432656,-54.3478260868573,10.8695652176323,-21.7391304346125,36.9565217394282,-86.9565217391021
-6.6,-0.6,-4.6,-7.6,-2.6,1.4,-3.6,-1.6,-48.5294117647059,-4.41176470588235,-33.8235294117647,-55.8823529411765,-19.1176470588235,10.2941176470588,-26.4705882352941,-11.7647058823529
-6,3,-1,-3,-10,1,-2,-8,-42.8571428571429,21.4285714285714,-7.14285714285714,-21.4285714285714,-71.4285714285714,7.14285714285714,-14.2857142857143,-57.1428571428571
-6,-6,-7,-2,-7,-6,-7,-3,-42.8571428571429,-42.8571428571429,-50,-14.2857142857143,-50,-42.8571428571429,-50,-21.4285714285714
-1,-3,0,-4,-8,-3,-1,-8,-7.14285714285714,-21.4285714285714,0,-28.5714285714286,-57.1428571428571,-21.4285714285714,-7.14285714285714,-57.1428571428571
-4.2857142857,-0.285714285699999,4.7142857143,2.7142857143,6.7142857143,-4.2857142857,-3.2857142857,2.7142857143,-32.2580645160562,-2.15053763430338,35.4838709678876,20.4301075270112,50.537634408764,-32.2580645160562,-24.731182795618,20.4301075270112
0.4285714286,-1.5714285714,-2.5714285714,-0.5714285714,-3.5714285714,-5.5714285714,-4.5714285714,8.4285714286,3.15789473705928,-11.5789473682349,-18.947368420882,-4.21052631558781,-26.3157894735291,-41.0526315788233,-33.6842105261762,62.105263158236
1.5714285714,-1.4285714286,0.5714285714,-4.4285714286,4.5714285714,0.5714285714,-3.4285714286,3.5714285714,15.0684931503697,-13.6986301372227,5.47945205450554,-42.4657534248152,43.8356164379621,5.47945205450554,-32.876712328951,34.246575342098
-0.4285714286,-2.4285714286,0.5714285714,-4.4285714286,-2.4285714286,-7.4285714286,-6.4285714286,3.5714285714,-3.75000000024062,-21.2500000001969,4.9999999997375,-38.7500000001531,-21.2500000001969,-65.0000000000875,-56.2500000001094,31.2499999996719
-1.57142857143,-0.571428571429999,2.42857142857,1.42857142857,0.428571428570001,4.42857142857,-0.571428571429999,-1.57142857143,-16.4179104477737,-5.97014925374537,25.3731343283395,14.9253731343112,4.47761194028292,46.2686567163961,-5.97014925374537,-16.4179104477737
0.285714285699999,-5.7142857143,-3.7142857143,0.285714285699999,-0.714285714300001,-7.7142857143,-5.7142857143,1.2857142857,2.24719101112106,-44.943820224781,-29.213483146147,2.24719101112106,-5.61797752819594,-60.674157303415,-44.943820224781,10.1123595504381
0.142857142900001,3.1428571429,-3.8571428571,1.1428571429,-4.8571428571,13.1428571429,-2.8571428571,-2.8571428571,1.20481927747424,26.5060240968428,-32.5301204816838,9.63855421726376,-40.9638554214734,110.843373494738,-24.0963855418943,-24.0963855418943
-0.5714285714,-3.5714285714,-1.5714285714,3.4285714286,-2.5714285714,-2.5714285714,-2.5714285714,7.4285714286,-4.54545454523761,-28.4090909089282,-12.4999999998011,27.2727272730165,-20.4545454543647,-20.4545454543647,-20.4545454543647,59.0909090912707
3.4285714286,-1.5714285714,-3.5714285714,7.4285714286,-3.5714285714,5.4285714286,-2.5714285714,1.4285714286,29.6296296299497,-13.5802469133669,-30.8641975306935,64.197530864603,-30.8641975306935,46.9135802472763,-22.2222222220302,12.3456790126231
-2.4285714286,-2.4285714286,-6.4285714286,6.5714285714,1.5714285714,5.5714285714,-1.4285714286,-3.4285714286,-19.5402298852424,-19.5402298852424,-51.7241379311455,52.8735632180394,12.6436781606606,44.8275862065636,-11.4942528737667,-27.5862068967182
-2.1428571429,6.8571428571,-3.1428571429,-3.1428571429,2.8571428571,-7.1428571429,-1.1428571429,-0.142857142900001,-19.2307692310799,61.5384615378402,-28.2051282054043,-28.2051282054043,25.6410256405424,-64.1025641027022,-10.2564102567554,-1.28205128243097
1.8571428571,-4.1428571429,-6.1428571429,-4.1428571429,-4.1428571429,-6.1428571429,-8.1428571429,-6.1428571429,15.2941176466519,-34.1176470590561,-50.588235294292,-34.1176470590561,-34.1176470590561,-50.588235294292,-67.058823529528,-50.588235294292
0.857142857099999,-1.1428571429,1.8571428571,-0.142857142900001,-0.142857142900001,-5.1428571429,2.8571428571,-0.142857142900001,7.05882352903391,-9.41176470620208,15.2941176466519,-1.17647058858409,-1.17647058858409,-42.3529411766741,23.5294117642699,-1.17647058858409
-2.7333333333,-0.733333333299999,-1.7333333333,3.2666666667,-1.7333333333,-3.7333333333,0.266666666700001,-2.7333333333,-23.2954545452366,-6.24999999973366,-14.7727272724851,27.8409090912723,-14.7727272724851,-31.8181818179881,2.27272727301783,-23.2954545452366
0.266666666700001,-5.7333333333,0.266666666700001,0.266666666700001,1.2666666667,1.2666666667,-2.7333333333,-3.7333333333,2.27272727301783,-48.8636363634911,2.27272727301783,2.27272727301783,10.7954545457693,10.7954545457693,-23.2954545452366,-31.8181818179881
-4.6,-1.6,-5.6,-6.6,1.4,-3.6,-3.6,-1.6,-33.8235294117647,-11.7647058823529,-41.1764705882353,-48.5294117647059,10.2941176470588,-26.4705882352941,-26.4705882352941,-11.7647058823529
-1.0666666667,0.9333333333,-1.0666666667,-0.0666666666999998,-5.0666666667,-5.0666666667,-5.0666666667,2.9333333333,-8.16326530635672,7.14285714258382,-8.16326530635672,-0.510204081886452,-38.7755102042378,-38.7755102042378,-38.7755102042378,22.4489795915244
-6.3333333333,-2.3333333333,2.6666666667,-4.3333333333,2.6666666667,-7.3333333333,-1.3333333333,-0.333333333300001,-47.4999999998688,-17.4999999997938,20.0000000003,-32.4999999998313,20.0000000003,-54.9999999998875,-9.999999999775,-2.49999999975625
-1.4,-5.4,-2.4,-2.4,2.6,2.6,-3.4,-1.4,-11.2903225806452,-43.5483870967742,-19.3548387096774,-19.3548387096774,20.9677419354839,20.9677419354839,-27.4193548387097,-11.2903225806452
1.3333333333,-3.6666666667,-5.6666666667,-0.666666666699999,1.3333333333,-8.6666666667,4.3333333333,-1.6666666667,10.5263157891828,-28.9473684212396,-44.7368421054086,-5.26315789498615,10.5263157891828,-68.4210526316621,34.2105263154363,-13.1578947370706
-1.73333333333,7.26666666667,-4.73333333333,3.26666666667,-2.73333333333,-0.73333333333,2.26666666667,2.26666666667,-17.808219178054,74.6575342466352,-48.6301369862838,33.5616438356622,-28.0821917807973,-7.5342465753108,23.2876712329189,23.2876712329189
1.6,-1.4,0.6,1.6,-5.4,-1.4,-3.4,-2.4,15.3846153846154,-13.4615384615385,5.76923076923077,15.3846153846154,-51.9230769230769,-13.4615384615385,-32.6923076923077,-23.0769230769231
-2.2666666667,-1.2666666667,-5.2666666667,-3.2666666667,0.733333333299999,-1.2666666667,1.7333333333,-5.2666666667,-22.0779220781751,-12.337662337947,-51.2987012988594,-31.8181818184032,7.14285714250927,-12.337662337947,16.8831168827374,-51.2987012988594
-0.266666666700001,-2.2666666667,-6.2666666667,0.733333333299999,0.733333333299999,-1.2666666667,-5.2666666667,-3.2666666667,-2.59740259771885,-22.0779220781751,-61.0389610390875,7.14285714250927,7.14285714250927,-12.337662337947,-51.2987012988594,-31.8181818184032
4.53333333333,-5.46666666667,-4.46666666667,-0.466666666669999,-3.46666666667,-4.46666666667,-2.46666666667,-5.46666666667,47.8873239436099,-57.7464788732543,-47.1830985915679,-4.9295774648222,-36.6197183098815,-47.1830985915679,-26.056338028195,-57.7464788732543
-3.2,9.8,-1.2,0.800000000000001,3.8,-0.199999999999999,-3.2,-3.2,-34.7826086956522,106.521739130435,-13.0434782608696,8.69565217391305,41.304347826087,-2.17391304347825,-34.7826086956522,-34.7826086956522
-2.4,4.6,5.6,-1.4,-2.4,-0.4,0.6,1.6,-28.5714285714286,54.7619047619048,66.6666666666667,-16.6666666666667,-28.5714285714286,-4.76190476190477,7.14285714285714,19.047619047619
-0.933333333329999,3.06666666667,-0.933333333329999,-3.93333333333,3.06666666667,6.06666666667,5.06666666667,7.06666666667,-10.4477611939964,34.3283582090054,-10.4477611939964,-44.0298507462478,34.3283582090054,67.9104477612567,56.7164179105062,79.1044776120071
-0.933333333329999,-3.93333333333,-7.93333333333,4.06666666667,-0.933333333329999,-0.933333333329999,1.06666666667,0.0666666666700007,-10.4477611939964,-44.0298507462478,-88.8059701492496,45.5223880597558,-10.4477611939964,-10.4477611939964,11.9402985075045,0.746268656754017
4.8,-4.2,-4.2,-0.199999999999999,-1.2,-0.199999999999999,-6.2,-0.199999999999999,52.1739130434783,-45.6521739130435,-45.6521739130435,-2.17391304347825,-13.0434782608696,-2.17391304347825,-67.3913043478261,-2.17391304347825
-0.8,-0.8,-2.8,1.2,0.2,-2.8,0.2,1.2,-11.7647058823529,-11.7647058823529,-41.1764705882353,17.6470588235294,2.94117647058824,-41.1764705882353,2.94117647058824,17.6470588235294
-1.53333333333,0.46666666667,8.46666666667,6.46666666667,2.46666666667,5.46666666667,4.46666666667,8.46666666667,-23.469387755063,7.14285714291181,129.591836734811,98.9795918368362,37.7551020408866,83.6734693878488,68.3673469388614,129.591836734811
2.6,7.6,-0.4,-1.4,-3.4,8.6,1.6,6.6,40.625,118.75,-6.25000000000001,-21.875,-53.125,134.375,25,103.125
8,2,-1,-1,-2,0,-2,-2,100,25,-12.5,-12.5,-25,0,-25,-25
-3.73333333333,2.26666666667,2.26666666667,3.26666666667,4.26666666667,0.26666666667,5.26666666667,3.26666666667,-48.2758620689432,29.3103448276419,29.3103448276419,42.2413793104061,55.1724137931703,3.44827586211355,68.1034482759345,42.2413793104061
-2.86666666667,-0.86666666667,2.13333333333,1.13333333333,-4.86666666667,1.13333333333,0.13333333333,-4.86666666667,-36.4406779661286,-11.0169491525801,27.1186440677428,14.4067796609685,-61.8644067796772,14.4067796609685,1.6949152541942,-61.8644067796772
10.2,-0.8,-0.8,6.2,-5.8,1.2,7.2,1.2,150,-11.7647058823529,-11.7647058823529,91.1764705882353,-85.2941176470588,17.6470588235294,105.882352941176,17.6470588235294
-1.26666666667,11.73333333333,-0.26666666667,1.73333333333,0.73333333333,-1.26666666667,12.73333333333,6.73333333333,-20.2127659574892,187.234042553039,-4.2553191489871,27.6595744680172,11.7021276595151,-20.2127659574892,203.191489361541,107.446808510528
5.6,4.6,4.6,-3.4,3.6,-1.4,3.6,-0.4,87.5,71.875,71.875,-53.125,56.25,-21.875,56.25,-6.25000000000001
4.6,9.6,1.6,0.6,2.6,2.6,1.6,1.6,71.875,150,25,9.37499999999999,40.625,40.625,25,25
-1.8,13.2,7.2,-2.8,5.2,4.2,2.2,9.2,-26.4705882352941,194.117647058824,105.882352941176,-41.1764705882353,76.4705882352941,61.7647058823529,32.3529411764706,135.294117647059
-4.46666666667,3.53333333333,4.53333333333,11.53333333333,0.53333333333,1.53333333333,7.53333333333,-0.46666666667,-59.8214285714465,47.3214285713628,60.714285714214,154.464285714172,7.14285714280931,20.5357142856605,100.892857142767,-6.25000000004185
1.8,6.8,8.8,-1.2,5.8,0.8,0.8,-1.2,25,94.4444444444444,122.222222222222,-16.6666666666667,80.5555555555555,11.1111111111111,11.1111111111111,-16.6666666666667
-0.28571428571,1.71428571429,4.71428571429,0.71428571429,1.71428571429,-4.28571428571,0.71428571429,9.71428571429,-3.92156862739446,23.5294117647785,64.7058823530381,9.80392156869204,23.5294117647785,-58.8235294117405,9.80392156869204,133.333333333471
-0.57142857143,-1.57142857143,-2.57142857143,5.42857142857,2.42857142857,-0.57142857143,4.42857142857,-3.57142857143,-7.5471698113382,-20.754716981147,-33.9622641509559,71.6981132075148,32.0754716980883,-7.5471698113382,58.4905660377059,-47.1698113207647
2.28571428571,-2.71428571429,2.28571428571,0.28571428571,5.28571428571,1.28571428571,1.28571428571,0.28571428571,29.6296296295576,-35.1851851852212,29.6296296295576,3.70370370364609,68.5185185184249,16.6666666666019,16.6666666666019,3.70370370364609
10.14285714286,-3.85714285714,5.14285714286,-2.85714285714,5.14285714286,-0.85714285714,3.14285714286,-0.85714285714,129.090909090992,-49.0909090908906,65.4545454546056,-36.3636363636132,65.4545454546056,-10.9090909090585,40.0000000000509,-10.9090909090585
1.28571428571,1.28571428571,3.28571428571,-1.71428571429,-1.71428571429,-1.71428571429,-2.71428571429,-3.71428571429,13.2352941175971,13.2352941175971,33.8235294117057,-17.6470588235657,-17.6470588235657,-17.6470588235657,-27.94117647062,-38.2352941176743
-0.71428571429,-2.71428571429,2.28571428571,4.28571428571,1.28571428571,8.28571428571,-2.71428571429,2.28571428571,-8.19672131152056,-31.1475409836404,26.2295081966592,49.1803278687791,14.7540983605993,95.0819672130188,-31.1475409836404,26.2295081966592
1.14285714286,3.14285714286,3.14285714286,4.14285714286,3.14285714286,3.14285714286,3.14285714286,-0.857142857139999,12.903225806488,35.4838709677856,35.4838709677856,46.7741935484345,35.4838709677856,35.4838709677856,35.4838709677856,-9.67741935480957
4.28571428571,5.28571428571,0.28571428571,-0.71428571429,0.28571428571,4.28571428571,-1.71428571429,-3.71428571429,49.1803278687791,60.655737704839,3.27868852453937,-8.19672131152056,3.27868852453937,49.1803278687791,-19.6721311475805,-42.6229508197003
3.28571428571,3.28571428571,1.28571428571,-0.71428571429,3.28571428571,-1.71428571429,1.28571428571,-2.71428571429,37.7049180327192,37.7049180327192,14.7540983605993,-8.19672131152056,37.7049180327192,-19.6721311475805,14.7540983605993,-31.1475409836404
1,-4,-4,1,4,1,-4,3,11.1111111111111,-44.4444444444444,-44.4444444444444,11.1111111111111,44.4444444444444,11.1111111111111,-44.4444444444444,33.3333333333333
-4.14285714286,-3.14285714286,3.85714285714,4.85714285714,-2.14285714286,3.85714285714,3.85714285714,-3.14285714286,-45.3125000000171,-34.3750000000205,42.1874999999556,53.1249999999521,-23.4375000000239,42.1874999999556,42.1874999999556,-34.3750000000205
-4.1428571429,-6.1428571429,8.8571428571,-0.142857142900001,-0.142857142900001,-2.1428571429,-0.142857142900001,-3.1428571429,-40.8450704227852,-60.5633802818568,87.3239436611803,-1.40845070464194,-1.40845070464194,-21.1267605637136,-1.40845070464194,-30.9859154932494
4.28571428571,2.28571428571,2.28571428571,-3.71428571429,-1.71428571429,0.28571428571,2.28571428571,0.28571428571,44.1176470587599,23.5294117646514,23.5294117646514,-38.2352941176743,-17.6470588235657,2.94117647054282,23.5294117646514,2.94117647054282
1.85714285714,3.85714285714,-1.14285714286,0.857142857139999,1.85714285714,1.85714285714,5.85714285714,0.857142857139999,20.3124999999624,42.1874999999556,-12.5000000000273,9.37499999996581,20.3124999999624,20.3124999999624,64.0624999999487,9.37499999996581
0.71428571429,-1.28571428571,-6.28571428571,-1.28571428571,4.71428571429,9.71428571429,-2.28571428571,2.71428571429,8.6206896552286,-15.5172413792666,-75.8620689655048,-15.5172413792666,56.8965517242191,117.241379310457,-27.5862068965143,32.7586206897238
1.46666666667,8.46666666667,8.46666666667,-4.53333333333,0.466666666669999,-3.53333333333,-3.53333333333,-1.53333333333,17.1875000000458,99.2187500000778,99.2187500000778,-53.1249999999817,5.46875000004119,-41.4062499999771,-41.4062499999771,-17.968749999968
-1.13333333333,0.86666666667,-1.13333333333,1.86666666667,1.86666666667,0.86666666667,-0.13333333333,6.86666666667,-13.9344262294729,10.6557377049634,-13.9344262294729,22.9508196721815,22.9508196721815,10.6557377049634,-1.63934426225478,84.4262295082723
1,-2,-1,1,4,4,5,1,12.5,-25,-12.5,12.5,50,50,62.5,12.5
-1.4,-0.4,1.6,0.6,-4.4,-3.4,0.6,-3.4,-16.6666666666667,-4.76190476190477,19.047619047619,7.14285714285714,-52.3809523809524,-40.4761904761905,7.14285714285714,-40.4761904761905
1.06666666667,1.06666666667,3.06666666667,4.06666666667,4.06666666667,1.06666666667,-0.93333333333,8.06666666667,15.3846153846709,15.3846153846709,44.2307692308386,58.6538461539224,58.6538461539224,15.3846153846709,-13.4615384614969,116.346153846258
4.86666666667,2.86666666667,5.86666666667,2.86666666667,-0.13333333333,11.86666666667,2.86666666667,3.86666666667,79.347826087054,46.7391304348623,95.6521739131498,46.7391304348623,-2.1739130434251,193.478260869725,46.7391304348623,63.0434782609582
3,6,3,6,4,5,9,4,50,100,50,100,66.6666666666667,83.3333333333333,150,66.6666666666667
-2.13333333333,-1.13333333333,2.86666666667,4.86666666667,4.86666666667,-0.13333333333,3.86666666667,1.86666666667,-34.7826086956167,-18.4782608695209,46.7391304348623,79.347826087054,79.347826087054,-2.1739130434251,63.0434782609582,30.4347826087665
1.86666666667,4.86666666667,5.86666666667,1.86666666667,3.86666666667,-0.13333333333,-4.13333333333,4.86666666667,30.4347826087665,79.347826087054,95.6521739131498,30.4347826087665,63.0434782609582,-2.1739130434251,-67.3913043478084,79.347826087054
2.06666666667,4.06666666667,3.06666666667,4.06666666667,1.06666666667,6.06666666667,2.06666666667,4.06666666667,29.8076923077547,58.6538461539224,44.2307692308386,58.6538461539224,15.3846153846709,87.5000000000901,29.8076923077547,58.6538461539224
0.14285714286,-1.85714285714,6.14285714286,6.14285714286,2.14285714286,9.14285714286,0.14285714286,3.14285714286,2.08333333337586,-27.083333333303,89.5833333334123,89.5833333334123,31.2500000000547,133.333333333431,2.08333333337586,45.8333333333941
1.85714285714,1.85714285714,1.85714285714,2.85714285714,5.85714285714,1.85714285714,2.85714285714,-0.14285714286,30.2325581394743,30.2325581394743,30.2325581394743,46.5116279069086,95.3488372092115,30.2325581394743,46.5116279069086,-2.32558139539426
1.57142857143,4.57142857143,2.57142857143,-0.42857142857,-0.42857142857,-2.42857142857,2.57142857143,1.57142857143,24.4444444444721,71.1111111111491,40.0000000000311,-6.66666666664592,-6.66666666664592,-37.777777777764,40.0000000000311,24.4444444444721
4.57142857143,1.57142857143,2.57142857143,-0.42857142857,4.57142857143,0.57142857143,5.57142857143,6.57142857143,71.1111111111491,24.4444444444721,40.0000000000311,-6.66666666664592,71.1111111111491,8.88888888891309,86.6666666667082,102.222222222267
1.42857142857,3.42857142857,0.42857142857,4.42857142857,4.42857142857,9.42857142857,4.42857142857,3.42857142857,21.7391304347561,52.1739130434452,6.52173913041162,67.3913043477897,67.3913043477897,143.478260869512,67.3913043477897,52.1739130434452
-1,1,-2,2,0,2,-1,5,-16.6666666666667,16.6666666666667,-33.3333333333333,33.3333333333333,0,33.3333333333333,-16.6666666666667,83.3333333333333
4.14285714286,9.14285714286,0.14285714286,1.14285714286,5.14285714286,2.14285714286,3.14285714286,2.14285714286,70.7317073171564,156.097560975735,2.43902439029387,19.5121951220095,87.8048780488721,36.5853658537252,53.6585365854408,36.5853658537252
6.42857142857,7.42857142857,4.42857142857,-2.57142857143,4.42857142857,-1.57142857143,2.42857142857,4.42857142857,84.9056603773236,98.1132075471324,58.4905660377059,-33.9622641509559,58.4905660377059,-20.754716981147,32.0754716980883,58.4905660377059
-1.57142857143,1.42857142857,7.42857142857,3.42857142857,-2.57142857143,-0.57142857143,-2.57142857143,3.42857142857,-20.754716981147,18.8679245282795,98.1132075471324,45.2830188678971,-33.9622641509559,-7.5471698113382,-33.9622641509559,45.2830188678971
-4.85714285714,0.14285714286,0.14285714286,0.14285714286,-0.85714285714,3.14285714286,-3.85714285714,-1.85714285714,-61.8181818181679,1.81818181821884,1.81818181821884,1.81818181821884,-10.9090909090585,40.0000000000509,-49.0909090908906,-23.6363636363359
-0.28571428571,5.71428571429,-1.28571428571,0.71428571429,-2.28571428571,-1.28571428571,-2.28571428571,1.71428571429,-3.44827586201903,68.9655172414667,-15.5172413792666,8.6206896552286,-27.5862068965143,-15.5172413792666,-27.5862068965143,20.6896551724762
3.71428571429,-3.28571428571,-4.28571428571,-3.28571428571,2.71428571429,-3.28571428571,2.71428571429,-0.28571428571,44.8275862069715,-39.6551724137619,-51.7241379310095,-39.6551724137619,32.7586206897238,-39.6551724137619,32.7586206897238,-3.44827586201903
-3.71428571429,-2.71428571429,2.28571428571,-1.71428571429,-1.71428571429,-0.71428571429,-2.71428571429,-7.71428571429,-38.2352941176743,-27.94117647062,23.5294117646514,-17.6470588235657,-17.6470588235657,-7.35294117651146,-27.94117647062,-79.4117647058914
-5.5714285714,-0.5714285714,-5.5714285714,-2.5714285714,-8.5714285714,0.4285714286,-0.5714285714,-6.5714285714,-52.7027027025749,-5.40540540514975,-52.7027027025749,-24.3243243241198,-81.08108108103,4.05405405433528,-5.40540540514975,-62.1621621620599
-1.85714285714,-1.85714285714,-5.85714285714,-0.857142857139999,0.142857142860001,-3.85714285714,-2.85714285714,-1.85714285714,-18.8405797101214,-18.8405797101214,-59.4202898550607,-8.69565217388657,1.44927536234825,-39.1304347825911,-28.9855072463562,-18.8405797101214
-4.2666666667,-4.2666666667,-5.2666666667,0.733333333299999,-5.2666666667,2.7333333333,-1.2666666667,-2.2666666667,-41.5584415586313,-41.5584415586313,-51.2987012988594,7.14285714250927,-51.2987012988594,26.6233766229655,-12.337662337947,-22.0779220781751
-7.1333333333,-2.1333333333,-3.1333333333,-1.1333333333,0.8666666667,-1.1333333333,-4.1333333333,-5.1333333333,-70.3947368420079,-21.0526315786877,-30.9210526313517,-11.1842105260236,8.55263157930445,-11.1842105260236,-40.7894736840158,-50.6578947366798
-5.6,1.4,-3.6,-3.6,-1.6,-0.6,-1.6,-4.6,-58.3333333333333,14.5833333333333,-37.5,-37.5,-16.6666666666667,-6.25,-16.6666666666667,-47.9166666666667
0.66666666667,-3.33333333333,-3.33333333333,-5.33333333333,-1.33333333333,-3.33333333333,-4.33333333333,-0.33333333333,7.14285714289541,-35.7142857142628,-35.7142857142628,-57.1428571428418,-14.2857142856837,-35.7142857142628,-46.4285714285523,-3.57142857139413
4.06666666667,-0.933333333329999,-4.93333333333,1.06666666667,-3.93333333333,-1.93333333333,3.06666666667,0.0666666666700007,45.5223880597558,-10.4477611939964,-55.2238805969982,11.9402985075045,-44.0298507462478,-21.6417910447469,34.3283582090054,0.746268656754017
0.199999999999999,-2.8,2.2,1.2,2.2,-1.8,-1.8,-3.8,2.27272727272726,-31.8181818181818,25,13.6363636363636,25,-20.4545454545455,-20.4545454545455,-43.1818181818182
0.199999999999999,-1.8,-0.800000000000001,-6.8,2.2,-3.8,-1.8,-7.8,2.27272727272726,-20.4545454545455,-9.0909090909091,-77.2727272727273,25,-43.1818181818182,-20.4545454545455,-88.6363636363636
2.8,1.8,-2.2,-1.2,-1.2,-0.2,0.8,2.8,38.8888888888889,25,-30.5555555555556,-16.6666666666667,-16.6666666666667,-2.77777777777778,11.1111111111111,38.8888888888889
-2.2,-0.2,-2.2,0.8,-1.2,2.8,1.8,1.8,-30.5555555555556,-2.77777777777778,-30.5555555555556,11.1111111111111,-16.6666666666667,38.8888888888889,25,25
-3.13333333333,2.86666666667,6.86666666667,1.86666666667,2.86666666667,-3.13333333333,-3.13333333333,6.86666666667,-51.0869565217125,46.7391304348623,111.956521739246,30.4347826087665,46.7391304348623,-51.0869565217125,-51.0869565217125,111.956521739246
-0.86666666667,3.13333333333,9.13333333333,-0.86666666667,3.13333333333,-0.86666666667,-2.86666666667,1.13333333333,-14.7727272727757,53.4090909090038,155.681818181673,-14.7727272727757,53.4090909090038,-14.7727272727757,-48.8636363636654,19.318181818114
4.13333333333,-0.86666666667,-1.86666666667,-2.86666666667,-2.86666666667,3.13333333333,2.13333333333,5.13333333333,70.4545454544486,-14.7727272727757,-31.8181818182206,-48.8636363636654,-48.8636363636654,53.4090909090038,36.3636363635589,87.4999999998935
2.06666666667,1.06666666667,-1.93333333333,10.06666666667,0.0666666666699998,3.06666666667,5.06666666667,3.06666666667,41.8918918919878,21.6216216217038,-39.1891891891481,204.054054054259,1.35135135141983,62.1621621622717,102.70270270284,62.1621621622717
2.8,2.8,6.8,5.8,5.8,3.8,2.8,-3.2,53.8461538461538,53.8461538461538,130.769230769231,111.538461538462,111.538461538462,73.0769230769231,53.8461538461538,-61.5384615384615
2.2,0.2,5.2,-0.8,2.2,7.2,3.2,3.2,45.8333333333333,4.16666666666667,108.333333333333,-16.6666666666667,45.8333333333333,150,66.6666666666667,66.6666666666667
3.26666666667,7.26666666667,5.26666666667,3.26666666667,5.26666666667,3.26666666667,0.26666666667,6.26666666667,87.5000000001674,194.64285714312,141.071428571644,87.5000000001674,141.071428571644,87.5000000001674,7.1428571429528,167.857142857382
2.66666666667,0.66666666667,4.66666666667,2.66666666667,6.66666666667,11.66666666667,12.66666666667,2.66666666667,80.00000000018,20.00000000012,140.00000000024,80.00000000018,200.0000000003,350.00000000045,380.00000000048,80.00000000018
5,4,9,4,3,4,6,2,125,100,225,100,75,100,150,50
4,4,2,10,3,0,6,2,100,100,50,250,75,0,150,50
-0.4,2.6,-1.4,4.6,2.6,2.6,-0.4,0.6,-9.0909090909091,59.0909090909091,-31.8181818181818,104.545454545455,59.0909090909091,59.0909090909091,-9.0909090909091,13.6363636363636
2.93333333333,-2.06666666667,2.93333333333,-1.06666666667,5.93333333333,2.93333333333,3.93333333333,4.93333333333,57.8947368420014,-40.7894736842495,57.8947368420014,-21.0526315789993,117.105263157752,57.8947368420014,77.6315789472516,97.3684210525017
9.93333333333,7.93333333333,1.93333333333,7.93333333333,3.93333333333,0.93333333333,3.93333333333,1.93333333333,196.052631578753,156.578947368252,38.1578947367512,156.578947368252,77.6315789472516,18.421052631501,77.6315789472516,38.1578947367512
1.4,6.4,-2.6,6.4,2.4,2.4,-0.6,2.4,25,114.285714285714,-46.4285714285714,114.285714285714,42.8571428571429,42.8571428571429,-10.7142857142857,42.8571428571429
1.93333333333,0.93333333333,-3.06666666667,3.93333333333,1.93333333333,-1.06666666667,1.93333333333,1.93333333333,38.1578947367512,18.421052631501,-60.5263157894996,77.6315789472516,38.1578947367512,-21.0526315789993,38.1578947367512,38.1578947367512
5.53333333333,-4.46666666667,1.53333333333,-0.46666666667,1.53333333333,4.53333333333,1.53333333333,5.53333333333,101.219512194999,-81.7073170731819,28.0487804877268,-8.53658536590943,28.0487804877268,82.9268292681811,28.0487804877268,101.219512194999
3,7,8,3,1,2,-2,4,50,116.666666666667,133.333333333333,50,16.6666666666667,33.3333333333333,-33.3333333333333,66.6666666666667
0,-3,4,-3,0,6,3,0,0,-50,66.6666666666667,-50,0,100,50,0
-0.73333333333,2.26666666667,0.26666666667,2.26666666667,-0.73333333333,-1.73333333333,6.26666666667,-3.73333333333,-12.7906976743679,39.5348837210114,4.65116279075852,39.5348837210114,-12.7906976743679,-30.2325581394943,109.302325581517,-65.1162790697472
1.8,4.8,7.8,-0.2,8.8,1.8,7.8,5.8,34.6153846153846,92.3076923076923,150,-3.84615384615385,169.230769230769,34.6153846153846,150,111.538461538462
2.46666666667,4.46666666667,3.46666666667,3.46666666667,-1.53333333333,6.46666666667,-3.53333333333,4.46666666667,37.7551020408866,68.3673469388614,53.061224489874,53.061224489874,-23.469387755063,98.9795918368362,-54.0816326530378,68.3673469388614
0.46666666667,0.46666666667,-2.53333333333,1.46666666667,-0.53333333333,-2.53333333333,0.46666666667,Inf,7.14285714291181,7.14285714291181,-38.7755102040504,22.4489795918992,-8.16326530607559,-38.7755102040504,7.14285714291181,Inf
-2.53333333333,-1.53333333333,-1.53333333333,2.46666666667,4.46666666667,0.46666666667,0.46666666667,Inf,-38.7755102040504,-23.469387755063,-23.469387755063,37.7551020408866,68.3673469388614,7.14285714291181,7.14285714291181,Inf
2.71428571429,2.71428571429,-3.28571428571,3.71428571429,0.71428571429,1.71428571429,8.71428571429,Inf,43.1818181819158,43.1818181819158,-52.2727272726947,59.0909090910176,11.3636363637123,27.272727272814,138.636363636526,Inf
2.86666666667,1.86666666667,7.86666666667,7.86666666667,-1.13333333333,0.86666666667,5.86666666667,Inf,46.7391304348623,30.4347826087665,128.260869565341,128.260869565341,-18.4782608695209,14.1304347826707,95.6521739131498,Inf
3.26666666667,0.26666666667,3.26666666667,-1.73333333333,6.26666666667,1.26666666667,-0.73333333333,Inf,56.9767441861378,4.65116279075852,56.9767441861378,-30.2325581394943,109.302325581517,22.0930232558849,-12.7906976743679,Inf
2.06666666667,1.06666666667,0.0666666666699998,3.06666666667,2.06666666667,1.06666666667,0.0666666666699998,Inf,41.8918918919878,21.6216216217038,1.35135135141983,62.1621621622717,41.8918918919878,21.6216216217038,1.35135135141983,Inf
1.06666666667,7.06666666667,0.0666666666699998,2.06666666667,8.06666666667,3.06666666667,5.06666666667,Inf,21.6216216217038,143.243243243408,1.35135135141983,41.8918918919878,163.513513513692,62.1621621622717,102.70270270284,Inf
7.6,7.6,9.6,2.6,4.6,-0.4,2.6,Inf,172.727272727273,172.727272727273,218.181818181818,59.0909090909091,104.545454545455,-9.0909090909091,59.0909090909091,Inf
-0.4,2.6,2.6,0.6,3.6,6.6,1.6,Inf,-9.0909090909091,59.0909090909091,59.0909090909091,13.6363636363636,81.8181818181818,150,36.3636363636364,Inf
1,6,2,8,5,4,4,Inf,25,150,50,200,125,100,100,Inf
6.8,8.8,5.8,13.8,4.8,11.8,12.8,Inf,212.5,275,181.25,431.25,150,368.75,400,Inf
13.26666666667,4.26666666667,1.26666666667,0.26666666667,5.26666666667,4.26666666667,7.26666666667,Inf,355.357142857549,114.285714285906,33.928571428691,7.1428571429528,141.071428571644,114.285714285906,194.64285714312,Inf
9.53333333333,-1.46666666667,2.53333333333,-1.46666666667,1.53333333333,-0.46666666667,-0.46666666667,Inf,274.999999999639,-42.3076923077478,73.0769230767567,-42.3076923077478,44.2307692306305,-13.4615384616217,-13.4615384616217,Inf
4.93333333333,0.93333333333,7.93333333333,6.93333333333,3.93333333333,0.93333333333,3.93333333333,Inf,160.869565217108,30.4347826085539,258.695652173523,226.086956521385,128.260869564969,30.4347826085539,128.260869564969,Inf
5.14285714286,7.14285714286,2.14285714286,8.14285714286,11.14285714286,10.14285714286,6.14285714286,Inf,276.923076923657,384.61538461613,115.384615384947,438.461538462367,600.000000001077,546.15384615484,330.769230769894,Inf
7.13333333333,6.13333333333,3.13333333333,7.13333333333,13.13333333333,6.13333333333,Inf,7.13333333333,382.142857141996,328.571428570663,167.857142856665,382.142857141996,703.571428569994,328.571428570663,Inf,382.142857141996
5.86666666667,7.86666666667,6.86666666667,1.86666666667,6.86666666667,7.86666666667,Inf,2.86666666667,275.000000000586,368.750000000732,321.875000000659,87.500000000293,321.875000000659,368.750000000732,Inf,134.375000000366
6.33333333333,4.33333333333,5.33333333333,7.33333333333,5.33333333333,3.33333333333,Inf,4.33333333333,237.499999999578,162.499999999672,199.999999999625,274.999999999531,199.999999999625,124.999999999719,Inf,162.499999999672
6.93333333333,-1.06666666667,6.93333333333,4.93333333333,6.93333333333,1.93333333333,Inf,6.93333333333,226.086956521385,-34.7826086957231,226.086956521385,160.869565217108,226.086956521385,63.0434782606923,Inf,226.086956521385
2.71428571429,3.71428571429,4.71428571429,6.71428571429,3.71428571429,5.71428571429,Inf,4.71428571429,82.6086956524121,113.043478261147,143.478260869883,204.347826087353,113.043478261147,173.913043478618,Inf,143.478260869883
3.42857142857,6.42857142857,5.42857142857,1.42857142857,1.42857142857,2.42857142857,Inf,7.42857142857,95.9999999999216,179.999999999888,151.999999999899,39.999999999944,39.999999999944,67.9999999999328,Inf,207.999999999877
2.57142857143,3.57142857143,1.57142857143,8.57142857143,0.57142857143,1.57142857143,Inf,-0.42857142857,75.0000000000729,104.166666666752,45.8333333333941,250.000000000146,16.6666666667153,45.8333333333941,Inf,-12.4999999999635
5.14285714286,4.14285714286,2.14285714286,7.14285714286,4.14285714286,9.14285714286,Inf,4.14285714286,133.333333333506,107.407407407561,55.5555555556708,185.185185185396,107.407407407561,237.037037037287,Inf,107.407407407561
-2,6,1,4,4,5,Inf,2,-50,150,25,100,100,125,Inf,50
3,5,1,3,4,1,Inf,-1,75,125,25,75,100,25,Inf,-25
3,2,5,4,8,4,Inf,0,75,50,125,100,200,100,Inf,0
2.28571428571,1.28571428571,5.28571428571,4.28571428571,3.28571428571,5.28571428571,Inf,6.28571428571,61.5384615382752,34.6153846152293,142.307692307413,115.384615384367,88.461538461321,142.307692307413,Inf,169.230769230459
6.57142857143,1.57142857143,0.57142857143,3.57142857143,-1.42857142857,2.57142857143,Inf,4.57142857143,191.666666666788,45.8333333333941,16.6666666667153,104.166666666752,-41.6666666666424,75.0000000000729,Inf,133.333333333431
0.42857142857,2.42857142857,-1.57142857143,0.42857142857,-0.57142857143,-0.57142857143,Inf,-0.57142857143,11.9999999999552,67.9999999999328,-44.0000000000224,11.9999999999552,-16.0000000000336,-16.0000000000336,Inf,-16.0000000000336
6.28571428571,-1.71428571429,0.28571428571,2.28571428571,-0.71428571429,4.28571428571,Inf,4.28571428571,169.230769230459,-46.1538461539083,7.69230769218344,61.5384615382752,-19.2307692308624,115.384615384367,Inf,115.384615384367
2.42857142857,4.42857142857,4.42857142857,2.42857142857,12.42857142857,Inf,3.42857142857,5.42857142857,53.1249999999521,96.8749999999385,96.8749999999385,53.1249999999521,271.874999999884,Inf,74.9999999999453,118.749999999932
3.28571428571,0.28571428571,2.28571428571,1.28571428571,6.28571428571,Inf,2.28571428571,1.28571428571,69.6969696968154,6.06060606050965,48.4848484847135,27.2727272726116,133.333333333121,Inf,48.4848484847135,27.2727272726116
4.85714285714,-0.14285714286,2.85714285714,0.85714285714,7.85714285714,Inf,-0.14285714286,3.85714285714,117.241379310195,-3.44827586213554,68.9655172412628,20.6896551723306,189.655172413593,Inf,-3.44827586213554,93.1034482757289
0.71428571429,1.71428571429,3.71428571429,2.71428571429,0.71428571429,Inf,-2.28571428571,0.71428571429,16.6666666667833,40.00000000014,86.6666666668533,63.3333333334967,16.6666666667833,Inf,-53.3333333332867,16.6666666667833
-1.53333333333,10.46666666667,2.46666666667,1.46666666667,7.46666666667,Inf,8.46666666667,4.46666666667,-33.823529411716,230.88235294142,54.4117647059959,32.3529411765679,164.705882353136,Inf,186.764705882564,98.5294117648519
5.46666666667,-0.53333333333,1.46666666667,1.46666666667,3.46666666667,Inf,0.46666666667,1.46666666667,120.58823529428,-11.7647058822881,32.3529411765679,32.3529411765679,76.4705882354239,Inf,10.2941176471399,32.3529411765679
0.33333333333,-0.66666666667,0.33333333333,1.33333333333,-3.66666666667,Inf,2.33333333333,0.33333333333,7.14285714278061,-14.2857142857755,7.14285714278061,28.5714285713367,-78.5714285714439,Inf,49.9999999998929,7.14285714278061
-1.53333333333,6.46666666667,3.46666666667,3.46666666667,3.46666666667,Inf,-0.53333333333,3.46666666667,-33.823529411716,142.647058823708,76.4705882354239,76.4705882354239,76.4705882354239,Inf,-11.7647058822881,76.4705882354239
3.6,6.6,4.6,4.6,2.6,Inf,-1.4,9.6,81.8181818181818,150,104.545454545455,104.545454545455,59.0909090909091,Inf,-31.8181818181818,218.181818181818
6.86666666667,5.86666666667,2.86666666667,3.86666666667,5.86666666667,Inf,3.86666666667,2.86666666667,166.129032258279,141.935483871163,69.354838709814,93.5483870969303,141.935483871163,Inf,93.5483870969303,69.354838709814
6.86666666667,2.86666666667,3.86666666667,0.86666666667,4.86666666667,Inf,-0.13333333333,1.86666666667,166.129032258279,69.354838709814,93.5483870969303,20.9677419355814,117.741935484047,Inf,-3.22580645153487,45.1612903226977
-0.14285714286,-0.14285714286,2.85714285714,2.85714285714,5.85714285714,Inf,1.85714285714,0.85714285714,-3.44827586213554,-3.44827586213554,68.9655172412628,68.9655172412628,141.379310344661,Inf,44.8275862067967,20.6896551723306
3.85714285714,6.85714285714,5.85714285714,5.85714285714,5.85714285714,Inf,1.85714285714,2.85714285714,93.1034482757289,165.517241379127,141.379310344661,141.379310344661,141.379310344661,Inf,44.8275862067967,68.9655172412628
2.14285714286,2.14285714286,2.14285714286,2.14285714286,0.14285714286,Inf,1.14285714286,3.14285714286,55.5555555556708,55.5555555556708,55.5555555556708,55.5555555556708,3.70370370378052,Inf,29.6296296297257,81.4814814816159
2.42857142857,0.42857142857,-0.57142857143,3.42857142857,0.42857142857,Inf,0.42857142857,5.42857142857,67.9999999999328,11.9999999999552,-16.0000000000336,95.9999999999216,11.9999999999552,Inf,11.9999999999552,151.999999999899
1.28571428571,2.28571428571,4.28571428571,-0.71428571429,Inf,2.28571428571,4.28571428571,3.28571428571,47.3684210523989,84.2105263154986,157.894736841698,-26.3157894738005,Inf,84.2105263154986,157.894736841698,121.052631578598
5.42857142857,3.42857142857,6.42857142857,8.42857142857,Inf,7.42857142857,5.42857142857,11.42857142857,211.111111110938,133.333333333204,249.999999999806,327.77777777754,Inf,288.888888888673,211.111111110938,444.444444444142
1.71428571429,1.71428571429,5.71428571429,4.71428571429,Inf,3.71428571429,3.71428571429,5.71428571429,75.0000000003281,75.0000000003281,250.000000000656,206.250000000574,Inf,162.500000000492,162.500000000492,250.000000000656
3.14285714286,3.14285714286,7.14285714286,4.14285714286,Inf,9.14285714286,4.14285714286,5.14285714286,169.230769231183,169.230769231183,384.61538461613,223.07692307742,Inf,492.307692308604,223.07692307742,276.923076923657
5.71428571429,5.71428571429,4.71428571429,0.71428571429,Inf,8.71428571429,4.71428571429,1.71428571429,444.444444446259,444.444444446259,366.666666668222,55.5555555560741,Inf,677.77777778037,366.666666668222,133.333333334111
8,8,7,7,Inf,6,7,6,800,800,700,700,Inf,600,700,600
3,11,5,5,Inf,4,5,9,300,1100,500,500,Inf,400,500,900
6.285714285714,5.285714285714,2.285714285714,10.285714285714,Inf,5.285714285714,3.285714285714,5.285714285714,879.999999999608,739.999999999664,319.999999999832,1439.99999999938,Inf,739.999999999664,459.999999999776,739.999999999664
9.85714285714,4.85714285714,4.85714285714,6.85714285714,Inf,1.85714285714,1.85714285714,0.85714285714,862.499999997594,424.999999998687,424.999999998687,599.99999999825,Inf,162.499999999344,162.499999999344,74.9999999995625
9.42857142857,1.42857142857,3.42857142857,9.42857142857,Inf,9.42857142857,11.42857142857,6.42857142857,599.999999999364,90.9090909089173,218.181818181529,599.999999999364,Inf,599.999999999364,727.272727271975,409.090909090446
3.42857142857,5.42857142857,8.42857142857,5.42857142857,Inf,6.42857142857,8.42857142857,2.42857142857,218.181818181529,345.45454545414,536.363636363058,345.45454545414,Inf,409.090909090446,536.363636363058,154.545454545223
6.26666666667,6.26666666667,6.26666666667,5.26666666667,Inf,5.26666666667,5.26666666667,6.26666666667,361.538461539349,361.538461539349,361.538461539349,303.84615384693,Inf,303.84615384693,303.84615384693,361.538461539349
6,5,3,5,Inf,6,5,5,300,250,150,250,Inf,300,250,250
6.86666666667,8.86666666667,7.86666666667,9.86666666667,Inf,8.86666666667,7.86666666667,5.86666666667,321.875000000659,415.625000000806,368.750000000732,462.500000000879,Inf,415.625000000806,368.750000000732,275.000000000586
3.86666666667,1.86666666667,6.86666666667,3.86666666667,Inf,7.86666666667,5.86666666667,3.86666666667,181.250000000439,87.500000000293,321.875000000659,181.250000000439,Inf,368.750000000732,275.000000000586,181.250000000439
0.73333333333,1.73333333333,4.73333333333,Inf,3.73333333333,3.73333333333,2.73333333333,-0.26666666667,32.352941176276,76.4705882350346,208.823529411311,Inf,164.705882352552,164.705882352552,120.588235293793,-11.7647058824827
5.73333333333,5.73333333333,2.73333333333,Inf,2.73333333333,1.73333333333,4.73333333333,6.73333333333,252.941176470069,252.941176470069,120.588235293793,Inf,120.588235293793,76.4705882350346,208.823529411311,297.058823528828
2.46666666667,10.46666666667,7.46666666667,Inf,9.46666666667,7.46666666667,9.46666666667,8.46666666667,97.3684210528913,413.157894737517,294.736842105783,Inf,373.684210526939,294.736842105783,373.684210526939,334.210526316361
4.46666666667,0.46666666667,9.46666666667,Inf,4.46666666667,7.46666666667,4.46666666667,2.46666666667,176.315789474048,18.4210526317348,373.684210526939,Inf,176.315789474048,294.736842105783,176.315789474048,97.3684210528913
8.28571428571,1.28571428571,7.28571428571,Inf,3.28571428571,9.28571428571,-0.71428571429,3.28571428571,305.263157894097,47.3684210523989,268.421052630997,Inf,121.052631578598,342.105263157197,-26.3157894738005,121.052631578598
8.28571428571,3.28571428571,5.28571428571,Inf,3.28571428571,3.28571428571,1.28571428571,0.28571428571,305.263157894097,121.052631578598,194.736842104798,Inf,121.052631578598,121.052631578598,47.3684210523989,10.5263157892992
10,10,4,Inf,3,13,9,5,333.333333333333,333.333333333333,133.333333333333,Inf,100,433.333333333333,300,166.666666666667
4.28571428571,1.28571428571,3.28571428571,Inf,5.28571428571,2.28571428571,1.28571428571,2.28571428571,115.384615384367,34.6153846152293,88.461538461321,Inf,142.307692307413,61.5384615382752,34.6153846152293,61.5384615382752
4.42857142857,-0.57142857143,4.42857142857,Inf,7.42857142857,-0.57142857143,3.42857142857,3.42857142857,123.99999999991,-16.0000000000336,123.99999999991,Inf,207.999999999877,-16.0000000000336,95.9999999999216,95.9999999999216
4.85714285714,4.85714285714,4.85714285714,Inf,0.85714285714,1.85714285714,5.85714285714,-0.14285714286,154.545454545223,154.545454545223,154.545454545223,Inf,27.2727272726116,59.0909090907645,186.363636363376,-4.54545454554132
2.57142857143,8.57142857143,5.57142857143,Inf,7.57142857143,5.57142857143,6.57142857143,8.57142857143,75.0000000000729,250.000000000146,162.500000000109,Inf,220.833333333467,162.500000000109,191.666666666788,250.000000000146
1.57142857143,5.57142857143,1.57142857143,Inf,5.57142857143,3.57142857143,4.57142857143,5.57142857143,45.8333333333941,162.500000000109,45.8333333333941,Inf,162.500000000109,104.166666666752,133.333333333431,162.500000000109
1.85714285714,6.85714285714,4.85714285714,Inf,4.85714285714,2.85714285714,3.85714285714,2.85714285714,59.0909090907645,218.181818181529,154.545454545223,Inf,154.545454545223,90.9090909089173,122.72727272707,90.9090909089173
2.42857142857,-0.57142857143,2.42857142857,Inf,2.42857142857,2.42857142857,4.42857142857,5.42857142857,67.9999999999328,-16.0000000000336,67.9999999999328,Inf,67.9999999999328,67.9999999999328,123.99999999991,151.999999999899
11.42857142857,10.42857142857,5.42857142857,Inf,3.42857142857,6.42857142857,10.42857142857,5.42857142857,319.999999999832,291.999999999843,151.999999999899,Inf,95.9999999999216,179.999999999888,291.999999999843,151.999999999899
2.57142857143,4.57142857143,Inf,0.57142857143,0.57142857143,2.57142857143,4.57142857143,3.57142857143,75.0000000000729,133.333333333431,Inf,16.6666666667153,16.6666666667153,75.0000000000729,133.333333333431,104.166666666752
5.85714285714,1.85714285714,Inf,-0.14285714286,1.85714285714,-1.14285714286,2.85714285714,3.85714285714,186.363636363376,59.0909090907645,Inf,-4.54545454554132,59.0909090907645,-36.3636363636942,90.9090909089173,122.72727272707
5.85714285714,3.85714285714,Inf,-0.14285714286,1.85714285714,2.85714285714,0.85714285714,4.85714285714,186.363636363376,122.72727272707,Inf,-4.54545454554132,59.0909090907645,90.9090909089173,27.2727272726116,154.545454545223
8.57142857143,0.57142857143,Inf,6.57142857143,5.57142857143,1.57142857143,5.57142857143,2.57142857143,250.000000000146,16.6666666667153,Inf,191.666666666788,162.500000000109,45.8333333333941,162.500000000109,75.0000000000729
2.8,8.8,Inf,-0.2,4.8,4.8,2.8,3.8,87.5,275,Inf,-6.25000000000001,150,150,87.5,118.75
0.53333333333,2.53333333333,Inf,-0.46666666667,3.53333333333,6.53333333333,2.53333333333,-0.46666666667,15.3846153845044,73.0769230767567,Inf,-13.4615384616217,101.923076922883,188.461538461261,73.0769230767567,-13.4615384616217
-1.73333333333,0.26666666667,Inf,3.26666666667,3.26666666667,-0.73333333333,2.26666666667,-0.73333333333,-46.4285714285236,7.1428571429528,Inf,87.5000000001674,87.5000000001674,-19.6428571427854,60.7142857144292,-19.6428571427854
-0.33333333333,11.66666666667,Inf,9.66666666667,7.66666666667,6.66666666667,6.66666666667,4.66666666667,-9.99999999991,350.00000000045,Inf,290.00000000039,230.00000000033,200.0000000003,200.0000000003,140.00000000024
0.8,3.8,Inf,1.8,2.8,3.8,0.8,2.8,25,118.75,Inf,56.25,87.5,118.75,25,87.5
1.53333333333,0.53333333333,Inf,0.53333333333,6.53333333333,2.53333333333,4.53333333333,3.53333333333,44.2307692306305,15.3846153845044,Inf,15.3846153845044,188.461538461261,73.0769230767567,130.769230769009,101.923076922883
5.6,2.6,Inf,-3.4,2.6,1.6,3.6,3.6,127.272727272727,59.0909090909091,Inf,-77.2727272727273,59.0909090909091,36.3636363636364,81.8181818181818,81.8181818181818
5.33333333333,3.33333333333,Inf,3.33333333333,2.33333333333,-1.66666666667,6.33333333333,3.33333333333,114.285714285561,71.428571428449,Inf,71.428571428449,49.9999999998929,-35.7142857143316,135.714285714117,71.428571428449
2.06666666667,0.0666666666699998,Inf,2.06666666667,0.0666666666699998,5.06666666667,3.06666666667,0.0666666666699998,41.8918918919878,1.35135135141983,Inf,41.8918918919878,1.35135135141983,102.70270270284,62.1621621622717,1.35135135141983
-1.53333333333,1.46666666667,Inf,-0.53333333333,-2.53333333333,4.46666666667,-1.53333333333,-1.53333333333,-33.823529411716,32.3529411765679,Inf,-11.7647058822881,-55.882352941144,98.5294117648519,-33.823529411716,-33.823529411716
-1.53333333333,-1.53333333333,Inf,0.46666666667,-0.53333333333,-3.53333333333,-1.53333333333,2.46666666667,-33.823529411716,-33.823529411716,Inf,10.2941176471399,-11.7647058822881,-77.941176470572,-33.823529411716,54.4117647059959
2.46666666667,Inf,4.46666666667,2.46666666667,5.46666666667,-2.53333333333,3.46666666667,2.46666666667,54.4117647059959,Inf,98.5294117648519,54.4117647059959,120.58823529428,-55.882352941144,76.4705882354239,54.4117647059959
3.2,Inf,3.2,0.2,1.2,1.2,-1.8,-1.8,66.6666666666667,Inf,66.6666666666667,4.16666666666667,25,25,-37.5,-37.5
-3.66666666667,Inf,1.33333333333,-1.66666666667,-2.66666666667,0.33333333333,-1.66666666667,1.33333333333,-78.5714285714439,Inf,28.5714285713367,-35.7142857143316,-57.1428571428878,7.14285714278061,-35.7142857143316,28.5714285713367
-0.26666666667,Inf,2.73333333333,-0.26666666667,3.73333333333,2.73333333333,2.73333333333,1.73333333333,-6.25000000007324,Inf,64.0624999998718,-6.25000000007324,87.4999999998535,64.0624999998718,64.0624999998718,40.6249999998901
5.73333333333,Inf,4.73333333333,3.73333333333,1.73333333333,1.73333333333,-0.26666666667,4.73333333333,134.374999999817,Inf,110.937499999835,87.4999999998535,40.6249999998901,40.6249999998901,-6.25000000007324,110.937499999835
-0.8,Inf,2.2,3.2,-0.8,0.2,3.2,2.2,-16.6666666666667,Inf,45.8333333333333,66.6666666666667,-16.6666666666667,4.16666666666667,66.6666666666667,45.8333333333333
3.86666666667,Inf,-0.13333333333,2.86666666667,2.86666666667,-0.13333333333,2.86666666667,1.86666666667,93.5483870969303,Inf,-3.22580645153487,69.354838709814,69.354838709814,-3.22580645153487,69.354838709814,45.1612903226977
7.46666666667,Inf,-0.53333333333,4.46666666667,-1.53333333333,1.46666666667,0.46666666667,-2.53333333333,164.705882353136,Inf,-11.7647058822881,98.5294117648519,-33.823529411716,32.3529411765679,10.2941176471399,-55.882352941144
6.33333333333,Inf,7.33333333333,6.33333333333,7.33333333333,-0.66666666667,3.33333333333,1.33333333333,135.714285714117,Inf,157.142857142673,135.714285714117,157.142857142673,-14.2857142857755,71.428571428449,28.5714285713367
1.2,Inf,0.2,0.2,0.2,-2.8,3.2,5.2,25,Inf,4.16666666666667,4.16666666666667,4.16666666666667,-58.3333333333333,66.6666666666667,108.333333333333
-0.6,Inf,2.4,2.4,-0.6,2.4,2.4,3.4,-16.6666666666667,Inf,66.6666666666667,66.6666666666667,-16.6666666666667,66.6666666666667,66.6666666666667,94.4444444444444
0.66666666667,Inf,2.66666666667,1.66666666667,1.66666666667,2.66666666667,1.66666666667,1.66666666667,20.00000000012,Inf,80.00000000018,50.00000000015,50.00000000015,80.00000000018,50.00000000015,50.00000000015
3.4,Inf,7.4,6.4,3.4,5.4,0.4,1.4,94.4444444444444,Inf,205.555555555556,177.777777777778,94.4444444444444,150,11.1111111111111,38.8888888888889
1.26666666667,Inf,0.26666666667,6.26666666667,3.26666666667,-0.73333333333,3.26666666667,1.26666666667,33.928571428691,Inf,7.1428571429528,167.857142857382,87.5000000001674,-19.6428571427854,87.5000000001674,33.928571428691
-0.73333333333,Inf,3.26666666667,0.26666666667,0.26666666667,1.26666666667,4.26666666667,-0.73333333333,-19.6428571427854,Inf,87.5000000001674,7.1428571429528,7.1428571429528,33.928571428691,114.285714285906,-19.6428571427854
Inf,1.26666666667,-0.73333333333,1.26666666667,0.26666666667,-1.73333333333,1.26666666667,0.26666666667,Inf,33.928571428691,-19.6428571427854,33.928571428691,7.1428571429528,-46.4285714285236,33.928571428691,7.1428571429528
Inf,2.4,0.4,3.4,4.4,1.4,4.4,2.4,Inf,66.6666666666667,11.1111111111111,94.4444444444444,122.222222222222,38.8888888888889,122.222222222222,66.6666666666667
Inf,6.4,2.4,1.4,4.4,1.4,2.4,-1.6,Inf,177.777777777778,66.6666666666667,38.8888888888889,122.222222222222,38.8888888888889,66.6666666666667,-44.4444444444444
Inf,2.33333333333,2.33333333333,-1.66666666667,-3.66666666667,0.33333333333,-1.66666666667,2.33333333333,Inf,49.9999999998929,49.9999999998929,-35.7142857143316,-78.5714285714439,7.14285714278061,-35.7142857143316,49.9999999998929
Inf,-2.8,0.2,0.2,-1.8,-1.8,-0.8,2.2,Inf,-58.3333333333333,4.16666666666667,4.16666666666667,-37.5,-37.5,-16.6666666666667,45.8333333333333
Inf,6,4,4,3,4,-1,4,Inf,150,100,100,75,100,-25,100
Inf,-0.86666666667,3.13333333333,3.13333333333,4.13333333333,1.13333333333,2.13333333333,5.13333333333,Inf,-22.4137931035152,81.0344827584646,81.0344827584646,106.89655172396,29.3103448274747,55.1724137929697,132.758620689455
Inf,2.53333333333,3.53333333333,4.53333333333,-1.46666666667,3.53333333333,6.53333333333,5.53333333333,Inf,73.0769230767567,101.923076922883,130.769230769009,-42.3076923077478,101.923076922883,188.461538461261,159.615384615135
Inf,-0.46666666667,3.53333333333,3.53333333333,1.53333333333,-0.46666666667,-0.46666666667,3.53333333333,Inf,-13.4615384616217,101.923076922883,101.923076922883,44.2307692306305,-13.4615384616217,-13.4615384616217,101.923076922883
Inf,5.66666666667,3.66666666667,3.66666666667,4.66666666667,6.66666666667,3.66666666667,4.66666666667,Inf,170.00000000027,110.00000000021,110.00000000021,140.00000000024,200.0000000003,110.00000000021,140.00000000024
Inf,6.26666666667,9.26666666667,-0.73333333333,-0.73333333333,0.26666666667,1.26666666667,-1.73333333333,Inf,167.857142857382,248.214285714597,-19.6428571427854,-19.6428571427854,7.1428571429528,33.928571428691,-46.4285714285236
Inf,3.26666666667,1.26666666667,-1.73333333333,0.26666666667,0.26666666667,-0.73333333333,1.26666666667,Inf,87.5000000001674,33.928571428691,-46.4285714285236,7.1428571429528,7.1428571429528,-19.6428571427854,33.928571428691
Inf,1.8,0.8,-1.2,-1.2,2.8,1.8,1.8,Inf,56.25,25,-37.5,-37.5,87.5,56.25,56.25
Inf,3.93333333333,6.93333333333,2.93333333333,3.93333333333,1.93333333333,2.93333333333,5.93333333333,Inf,128.260869564969,226.086956521385,95.6521739128308,128.260869564969,63.0434782606923,95.6521739128308,193.478260869246
Inf,3.66666666667,2.66666666667,4.66666666667,2.66666666667,0.66666666667,2.66666666667,0.66666666667,Inf,110.00000000021,80.00000000018,140.00000000024,80.00000000018,20.00000000012,80.00000000018,20.00000000012
-0.33333333333,1.66666666667,1.66666666667,2.66666666667,1.66666666667,-0.33333333333,1.66666666667,-0.33333333333,-9.99999999991,50.00000000015,50.00000000015,80.00000000018,50.00000000015,-9.99999999991,50.00000000015,-9.99999999991
0.53333333333,-2.46666666667,3.53333333333,2.53333333333,-0.46666666667,1.53333333333,3.53333333333,1.53333333333,15.3846153845044,-71.1538461538739,101.923076922883,73.0769230767567,-13.4615384616217,44.2307692306305,101.923076922883,44.2307692306305
3.66666666667,9.66666666667,7.66666666667,8.66666666667,0.66666666667,3.66666666667,4.66666666667,1.66666666667,110.00000000021,290.00000000039,230.00000000033,260.00000000036,20.00000000012,110.00000000021,140.00000000024,50.00000000015
4.73333333333,2.73333333333,7.73333333333,4.73333333333,4.73333333333,1.73333333333,1.73333333333,4.73333333333,208.823529411311,120.588235293793,341.176470587586,208.823529411311,208.823529411311,76.4705882350346,76.4705882350346,208.823529411311
4.46666666667,-1.53333333333,1.46666666667,0.46666666667,3.46666666667,3.46666666667,4.46666666667,2.46666666667,176.315789474048,-60.5263157894217,57.894736842313,18.4210526317348,136.84210526347,136.84210526347,176.315789474048,97.3684210528913
3.46666666667,3.46666666667,4.46666666667,1.46666666667,1.46666666667,-1.53333333333,-0.53333333333,-1.53333333333,136.84210526347,136.84210526347,176.315789474048,57.894736842313,57.894736842313,-60.5263157894217,-21.0526315788435,-60.5263157894217
3.33333333333,4.33333333333,4.33333333333,2.33333333333,-0.66666666667,2.33333333333,5.33333333333,1.33333333333,124.999999999719,162.499999999672,162.499999999672,87.4999999997656,-25.0000000000937,87.4999999997656,199.999999999625,49.9999999998125
2.33333333333,7.33333333333,5.33333333333,6.33333333333,0.33333333333,3.33333333333,5.33333333333,5.33333333333,87.4999999997656,274.999999999531,199.999999999625,237.499999999578,12.4999999998594,124.999999999719,199.999999999625,199.999999999625
2.6,2.6,-0.4,-0.4,-0.4,8.6,-0.4,-1.4,108.333333333333,108.333333333333,-16.6666666666667,-16.6666666666667,-16.6666666666667,358.333333333333,-16.6666666666667,-58.3333333333333
2.86666666667,2.86666666667,-0.13333333333,2.86666666667,1.86666666667,2.86666666667,3.86666666667,2.86666666667,134.375000000366,134.375000000366,-6.24999999985351,134.375000000366,87.500000000293,134.375000000366,181.250000000439,134.375000000366
6.13333333333,4.13333333333,10.13333333333,4.13333333333,7.13333333333,5.13333333333,12.13333333333,5.13333333333,328.571428570663,221.428571427997,542.857142855995,221.428571427997,382.142857141996,274.99999999933,649.999999998661,274.99999999933
4.13333333333,4.13333333333,4.13333333333,6.13333333333,3.13333333333,5.13333333333,5.13333333333,3.13333333333,221.428571427997,221.428571427997,221.428571427997,328.571428570663,167.857142856665,274.99999999933,274.99999999933,167.857142856665
4.86666666667,0.86666666667,3.86666666667,4.86666666667,0.86666666667,0.86666666667,-0.13333333333,2.86666666667,228.125000000513,40.6250000002197,181.250000000439,228.125000000513,40.6250000002197,40.6250000002197,-6.24999999985351,134.375000000366
3,2,5,2,3,2,-1,5,150,100,250,100,150,100,-50,250
7.26666666667,6.26666666667,2.26666666667,4.26666666667,6.26666666667,1.26666666667,4.26666666667,5.26666666667,419.230769231768,361.538461539349,130.769230769675,246.153846154512,361.538461539349,73.0769230772559,246.153846154512,303.84615384693
1.26666666667,0.26666666667,5.26666666667,8.26666666667,-0.73333333333,1.26666666667,6.26666666667,5.26666666667,73.0769230772559,15.3846153848373,303.84615384693,476.923076924186,-42.3076923075814,73.0769230772559,361.538461539349,303.84615384693
3.53333333333,3.53333333333,5.53333333333,4.53333333333,2.53333333333,3.53333333333,4.53333333333,5.53333333333,240.909090908316,240.909090908316,377.272727271643,309.090909089979,172.727272726653,240.909090908316,309.090909089979,377.272727271643
4.73333333333,2.73333333333,-0.26666666667,4.73333333333,2.73333333333,-0.26666666667,4.73333333333,-0.26666666667,208.823529411311,120.588235293793,-11.7647058824827,208.823529411311,120.588235293793,-11.7647058824827,208.823529411311,-11.7647058824827
8.73333333333,9.73333333333,2.73333333333,5.73333333333,3.73333333333,7.73333333333,5.73333333333,6.73333333333,385.294117646345,429.411764705104,120.588235293793,252.941176470069,164.705882352552,341.176470587586,252.941176470069,297.058823528828
7,6,4,1,6,5,2,-1,350,300,200,50,300,250,100,-50
4.46666666667,1.46666666667,4.46666666667,-1.53333333333,2.46666666667,4.46666666667,2.46666666667,-1.53333333333,176.315789474048,57.894736842313,176.315789474048,-60.5263157894217,97.3684210528913,176.315789474048,97.3684210528913,-60.5263157894217
-0.66666666667,2.33333333333,4.33333333333,0.33333333333,2.33333333333,2.33333333333,3.33333333333,3.33333333333,-25.0000000000937,87.4999999997656,162.499999999672,12.4999999998594,87.4999999997656,87.4999999997656,124.999999999719,124.999999999719
2.46666666667,2.46666666667,3.46666666667,6.46666666667,6.46666666667,3.46666666667,8.46666666667,4.46666666667,97.3684210528913,97.3684210528913,136.84210526347,255.263157895204,255.263157895204,136.84210526347,334.210526316361,176.315789474048
0.46666666667,6.46666666667,3.46666666667,4.46666666667,6.46666666667,2.46666666667,2.46666666667,1.46666666667,18.4210526317348,255.263157895204,136.84210526347,176.315789474048,255.263157895204,97.3684210528913,97.3684210528913,57.894736842313
0.46666666667,4.46666666667,2.46666666667,1.46666666667,0.46666666667,1.46666666667,0.46666666667,3.46666666667,18.4210526317348,176.315789474048,97.3684210528913,57.894736842313,18.4210526317348,57.894736842313,18.4210526317348,136.84210526347
-0.4,2.6,2.6,1.6,1.6,0.6,-0.4,3.6,-16.6666666666667,108.333333333333,108.333333333333,66.6666666666667,66.6666666666667,25,-16.6666666666667,150
7.86666666667,1.86666666667,2.86666666667,3.86666666667,5.86666666667,5.86666666667,2.86666666667,4.86666666667,368.750000000732,87.500000000293,134.375000000366,181.250000000439,275.000000000586,275.000000000586,134.375000000366,228.125000000513
2.13333333333,2.13333333333,4.13333333333,2.13333333333,3.13333333333,7.13333333333,3.13333333333,8.13333333333,114.285714285332,114.285714285332,221.428571427997,114.285714285332,167.857142856665,382.142857141996,167.857142856665,435.714285713329
2,2,4,3,1,1,4,3,100,100,200,150,50,50,200,150
2.73333333333,-1.26666666667,4.73333333333,0.73333333333,-1.26666666667,-0.26666666667,3.73333333333,0.73333333333,120.588235293793,-55.8823529412414,208.823529411311,32.352941176276,-55.8823529412414,-11.7647058824827,164.705882352552,32.352941176276
3.33333333333,5.33333333333,1.33333333333,5.33333333333,4.33333333333,5.33333333333,5.33333333333,2.33333333333,124.999999999719,199.999999999625,49.9999999998125,199.999999999625,162.499999999672,199.999999999625,199.999999999625,87.4999999997656
4.2,1.2,2.2,5.2,4.2,3.2,0.2,-0.8,150,42.8571428571429,78.5714285714286,185.714285714286,150,114.285714285714,7.14285714285715,-28.5714285714286
5.86666666667,3.86666666667,1.86666666667,5.86666666667,2.86666666667,3.86666666667,4.86666666667,2.86666666667,275.000000000586,181.250000000439,87.500000000293,275.000000000586,134.375000000366,181.250000000439,228.125000000513,134.375000000366
-1.26666666667,3.73333333333,2.73333333333,2.73333333333,1.73333333333,-0.26666666667,-1.26666666667,1.73333333333,-55.8823529412414,164.705882352552,120.588235293793,120.588235293793,76.4705882350346,-11.7647058824827,-55.8823529412414,76.4705882350346
6.73333333333,2.73333333333,7.73333333333,-0.26666666667,3.73333333333,4.73333333333,2.73333333333,0.73333333333,297.058823528828,120.588235293793,341.176470587586,-11.7647058824827,164.705882352552,208.823529411311,120.588235293793,32.352941176276
2.13333333333,3.13333333333,4.13333333333,6.13333333333,2.13333333333,5.13333333333,1.13333333333,6.13333333333,114.285714285332,167.857142856665,221.428571427997,328.571428570663,114.285714285332,274.99999999933,60.7142857139987,328.571428570663
1.26666666667,3.26666666667,2.26666666667,2.26666666667,3.26666666667,3.26666666667,2.26666666667,2.26666666667,73.0769230772559,188.461538462093,130.769230769675,130.769230769675,188.461538462093,188.461538462093,130.769230769675,130.769230769675
1.4,0.4,1.4,2.4,2.4,0.4,1.4,3.4,87.5,25,87.5,150,150,25,87.5,212.5
3.4,5.4,7.4,6.4,5.4,4.4,4.4,1.4,212.5,337.5,462.5,400,337.5,275,275,87.5
2.4,2.4,5.4,5.4,3.4,2.4,-0.6,3.4,150,150,337.5,337.5,212.5,150,-37.5,212.5
2.13333333333,7.13333333333,2.13333333333,2.13333333333,6.13333333333,5.13333333333,2.13333333333,5.13333333333,114.285714285332,382.142857141996,114.285714285332,114.285714285332,328.571428570663,274.99999999933,114.285714285332,274.99999999933
1.13333333333,3.13333333333,2.13333333333,2.13333333333,2.13333333333,1.13333333333,2.13333333333,1.13333333333,60.7142857139987,167.857142856665,114.285714285332,114.285714285332,114.285714285332,60.7142857139987,114.285714285332,60.7142857139987
5.13333333333,5.13333333333,2.13333333333,4.13333333333,4.13333333333,4.13333333333,9.13333333333,6.13333333333,274.99999999933,274.99999999933,114.285714285332,221.428571427997,221.428571427997,221.428571427997,489.285714284662,328.571428570663
5.26666666667,5.26666666667,6.26666666667,4.26666666667,2.26666666667,2.26666666667,4.26666666667,1.26666666667,303.84615384693,303.84615384693,361.538461539349,246.153846154512,130.769230769675,130.769230769675,246.153846154512,73.0769230772559
1.53333333333,1.53333333333,2.53333333333,3.53333333333,1.53333333333,3.53333333333,2.53333333333,2.53333333333,104.54545454499,104.54545454499,172.727272726653,240.909090908316,104.54545454499,240.909090908316,172.727272726653,172.727272726653
2.93333333333,-0.06666666667,4.93333333333,5.93333333333,1.93333333333,1.93333333333,1.93333333333,0.93333333333,274.999999998828,-6.25000000029297,462.499999998242,556.249999997949,181.249999999121,181.249999999121,181.249999999121,87.4999999994141
3.066666666667,5.066666666667,7.066666666667,10.066666666667,3.066666666667,3.066666666667,3.066666666667,2.066666666667,328.571428571582,542.857142857372,757.142857143163,1078.57142857185,328.571428571582,328.571428571582,328.571428571582,221.428571428686
8.2,6.2,3.2,5.2,6.2,1.2,6.2,7.2,1025,775,400,650,775,150,775,900
9.333333333333,0.333333333333,0.333333333333,2.333333333333,2.333333333333,7.333333333333,6.333333333333,0.333333333333,1399.99999999925,49.999999999925,49.999999999925,349.999999999775,349.999999999775,1099.9999999994,949.999999999475,49.999999999925
3.466666666667,7.466666666667,3.466666666667,6.466666666667,5.466666666667,1.466666666667,9.466666666667,6.466666666667,650.000000000469,1400.00000000094,650.000000000469,1212.50000000082,1025.0000000007,275.000000000234,1775.00000000117,1212.50000000082
7.466666666667,3.466666666667,4.466666666667,5.466666666667,5.466666666667,4.466666666667,6.466666666667,6.466666666667,1400.00000000094,650.000000000469,837.500000000586,1025.0000000007,1025.0000000007,837.500000000586,1212.50000000082,1212.50000000082
4.333333333333,6.333333333333,4.333333333333,1.333333333333,6.333333333333,4.333333333333,5.333333333333,5.333333333333,649.999999999625,949.999999999475,649.999999999625,199.99999999985,949.999999999475,649.999999999625,799.99999999955,799.99999999955
3.8,5.8,3.8,1.8,0.8,0.8,4.8,5.8,316.666666666667,483.333333333333,316.666666666667,150,66.6666666666667,66.6666666666667,400,483.333333333333
2.53333333333,0.53333333333,-0.46666666667,2.53333333333,7.53333333333,7.53333333333,1.53333333333,2.53333333333,172.727272726653,36.3636363633265,-31.8181818183368,172.727272726653,513.636363634969,513.636363634969,104.54545454499,172.727272726653
6.53333333333,1.53333333333,1.53333333333,7.53333333333,2.53333333333,7.53333333333,3.53333333333,2.53333333333,445.454545453306,104.54545454499,104.54545454499,513.636363634969,172.727272726653,513.636363634969,240.909090908316,172.727272726653
3.8,7.8,1.8,5.8,6.8,3.8,3.8,2.8,316.666666666667,650,150,483.333333333333,566.666666666667,316.666666666667,316.666666666667,233.333333333333
0.53333333333,3.53333333333,3.53333333333,4.53333333333,5.53333333333,3.53333333333,1.53333333333,1.53333333333,36.3636363633265,240.909090908316,240.909090908316,309.090909089979,377.272727271643,240.909090908316,104.54545454499,104.54545454499
0.53333333333,0.53333333333,5.53333333333,3.53333333333,3.53333333333,-0.46666666667,3.53333333333,2.53333333333,36.3636363633265,36.3636363633265,377.272727271643,240.909090908316,240.909090908316,-31.8181818183368,240.909090908316,172.727272726653
8.53333333333,3.53333333333,3.53333333333,7.53333333333,3.53333333333,2.53333333333,10.53333333333,8.53333333333,581.818181816632,240.909090908316,240.909090908316,513.636363634969,240.909090908316,172.727272726653,718.181818179959,581.818181816632
2.53333333333,6.53333333333,3.53333333333,4.53333333333,0.53333333333,1.53333333333,5.53333333333,2.53333333333,172.727272726653,445.454545453306,240.909090908316,309.090909089979,36.3636363633265,104.54545454499,377.272727271643,172.727272726653
0.53333333333,-0.46666666667,0.53333333333,3.53333333333,2.53333333333,0.53333333333,1.53333333333,2.53333333333,36.3636363633265,-31.8181818183368,36.3636363633265,240.909090908316,172.727272726653,36.3636363633265,104.54545454499,172.727272726653
2.53333333333,1.53333333333,1.53333333333,-0.46666666667,6.53333333333,2.53333333333,4.53333333333,3.53333333333,172.727272726653,104.54545454499,104.54545454499,-31.8181818183368,445.454545453306,172.727272726653,309.090909089979,240.909090908316
4.53333333333,4.53333333333,3.53333333333,5.53333333333,2.53333333333,6.53333333333,3.53333333333,7.53333333333,309.090909089979,309.090909089979,240.909090908316,377.272727271643,172.727272726653,445.454545453306,240.909090908316,513.636363634969
6.53333333333,5.53333333333,3.53333333333,2.53333333333,-0.46666666667,5.53333333333,5.53333333333,2.53333333333,445.454545453306,377.272727271643,240.909090908316,172.727272726653,-31.8181818183368,377.272727271643,377.272727271643,172.727272726653
1.53333333333,5.53333333333,4.53333333333,3.53333333333,1.53333333333,4.53333333333,5.53333333333,4.53333333333,104.54545454499,377.272727271643,309.090909089979,240.909090908316,104.54545454499,309.090909089979,377.272727271643,309.090909089979
-1.73333333333,1.26666666667,3.26666666667,0.26666666667,2.26666666667,0.26666666667,1.26666666667,-0.73333333333,-100,73.0769230772559,188.461538462093,15.3846153848373,130.769230769675,15.3846153848373,73.0769230772559,-42.3076923075814
2.53333333333,5.53333333333,4.53333333333,1.53333333333,6.53333333333,0.53333333333,10.53333333333,6.53333333333,172.727272726653,377.272727271643,309.090909089979,104.54545454499,445.454545453306,36.3636363633265,718.181818179959,445.454545453306
4.066666666667,2.066666666667,4.066666666667,2.066666666667,4.066666666667,2.066666666667,4.066666666667,6.066666666667,435.714285714477,221.428571428686,435.714285714477,221.428571428686,435.714285714477,221.428571428686,435.714285714477,650.000000000268
0.93333333333,5.93333333333,-0.06666666667,3.93333333333,1.93333333333,1.93333333333,-0.06666666667,1.93333333333,87.4999999994141,556.249999997949,-6.25000000029297,368.749999998535,181.249999999121,181.249999999121,-6.25000000029297,181.249999999121
2.93333333333,0.93333333333,4.93333333333,3.93333333333,0.93333333333,4.93333333333,3.93333333333,1.93333333333,274.999999998828,87.4999999994141,462.499999998242,368.749999998535,87.4999999994141,462.499999998242,368.749999998535,181.249999999121
1.4,1.4,5.4,3.4,0.4,5.4,3.4,2.4,87.5,87.5,337.5,212.5,25,337.5,212.5,150
7.26666666667,3.26666666667,6.26666666667,3.26666666667,1.26666666667,1.26666666667,2.26666666667,5.26666666667,419.230769231768,188.461538462093,361.538461539349,188.461538462093,73.0769230772559,73.0769230772559,130.769230769675,303.84615384693
2.73333333333,1.73333333333,0.73333333333,0.73333333333,3.73333333333,0.73333333333,3.73333333333,5.73333333333,120.588235293793,76.4705882350346,32.352941176276,32.352941176276,164.705882352552,32.352941176276,164.705882352552,252.941176470069
2.73333333333,4.73333333333,1.73333333333,0.73333333333,0.73333333333,0.73333333333,-1.26666666667,3.73333333333,120.588235293793,208.823529411311,76.4705882350346,32.352941176276,32.352941176276,32.352941176276,-55.8823529412414,164.705882352552
2.73333333333,7.73333333333,5.73333333333,3.73333333333,6.73333333333,8.73333333333,5.73333333333,8.73333333333,120.588235293793,341.176470587586,252.941176470069,164.705882352552,297.058823528828,385.294117646345,252.941176470069,385.294117646345
2.73333333333,2.73333333333,4.73333333333,3.73333333333,4.73333333333,3.73333333333,3.73333333333,-0.26666666667,120.588235293793,120.588235293793,208.823529411311,164.705882352552,208.823529411311,164.705882352552,164.705882352552,-11.7647058824827
3.73333333333,2.73333333333,1.73333333333,-0.26666666667,3.73333333333,0.73333333333,1.73333333333,0.73333333333,164.705882352552,120.588235293793,76.4705882350346,-11.7647058824827,164.705882352552,32.352941176276,76.4705882350346,32.352941176276
2.73333333333,1.73333333333,-1.26666666667,4.73333333333,6.73333333333,1.73333333333,1.73333333333,1.73333333333,120.588235293793,76.4705882350346,-55.8823529412414,208.823529411311,297.058823528828,76.4705882350346,76.4705882350346,76.4705882350346
6.73333333333,7.73333333333,0.73333333333,0.73333333333,3.73333333333,2.73333333333,1.73333333333,3.73333333333,297.058823528828,341.176470587586,32.352941176276,32.352941176276,164.705882352552,120.588235293793,76.4705882350346,164.705882352552
3.73333333333,5.73333333333,6.73333333333,3.73333333333,0.73333333333,2.73333333333,5.73333333333,3.73333333333,164.705882352552,252.941176470069,297.058823528828,164.705882352552,32.352941176276,120.588235293793,252.941176470069,164.705882352552
0.13333333333,6.13333333333,3.13333333333,1.13333333333,9.13333333333,0.13333333333,1.13333333333,5.13333333333,7.14285714266581,328.571428570663,167.857142856665,60.7142857139987,489.285714284662,7.14285714266581,60.7142857139987,274.99999999933
0.86666666667,-1.13333333333,-1.13333333333,-0.13333333333,0.86666666667,2.86666666667,0.86666666667,1.86666666667,40.6250000002197,-53.1249999999268,-53.1249999999268,-6.24999999985351,40.6250000002197,134.375000000366,40.6250000002197,87.500000000293
2.73333333333,4.73333333333,0.73333333333,6.73333333333,4.73333333333,6.73333333333,4.73333333333,4.73333333333,120.588235293793,208.823529411311,32.352941176276,297.058823528828,208.823529411311,297.058823528828,208.823529411311,208.823529411311
0.13333333333,5.13333333333,1.13333333333,3.13333333333,3.13333333333,4.13333333333,2.13333333333,4.13333333333,7.14285714266581,274.99999999933,60.7142857139987,167.857142856665,167.857142856665,221.428571427997,114.285714285332,221.428571427997
-0.86666666667,1.13333333333,3.13333333333,3.13333333333,0.13333333333,0.13333333333,-0.86666666667,3.13333333333,-46.4285714286671,60.7142857139987,167.857142856665,167.857142856665,7.14285714266581,7.14285714266581,-46.4285714286671,167.857142856665
2.4,4.4,1.4,-0.6,3.4,0.4,2.4,1.4,150,275,87.5,-37.5,212.5,25,150,87.5
5.8,9.8,3.8,1.8,0.8,0.8,1.8,0.8,483.333333333333,816.666666666667,316.666666666667,150,66.6666666666667,66.6666666666667,150,66.6666666666667
4.2,4.2,0.2,1.2,4.2,3.2,0.2,2.2,525,525,25,150,525,400,25,275
3.066666666667,2.066666666667,2.066666666667,1.066666666667,2.066666666667,1.066666666667,1.066666666667,3.066666666667,328.571428571582,221.428571428686,221.428571428686,114.285714285791,221.428571428686,114.285714285791,114.285714285791,328.571428571582
2.066666666667,3.066666666667,1.066666666667,1.066666666667,0.0666666666670001,3.066666666667,3.066666666667,0.0666666666670001,221.428571428686,328.571428571582,114.285714285791,114.285714285791,7.14285714289541,328.571428571582,328.571428571582,7.14285714289541
1.8,5.8,1.8,7.8,2.8,4.8,1.8,4.8,150,483.333333333333,150,650,233.333333333333,400,150,400
2.8,3.8,0.8,3.8,2.8,5.8,6.8,2.8,233.333333333333,316.666666666667,66.6666666666667,316.666666666667,233.333333333333,483.333333333333,566.666666666667,233.333333333333
1.66666666667,3.66666666667,1.66666666667,-0.33333333333,1.66666666667,2.66666666667,1.66666666667,0.66666666667,125.000000000563,275.000000000938,125.000000000563,-24.9999999998125,125.000000000563,200.00000000075,125.000000000563,50.000000000375
3.66666666667,0.66666666667,-1.33333333333,3.66666666667,2.66666666667,-0.33333333333,5.66666666667,2.66666666667,275.000000000938,50.000000000375,-100,275.000000000938,200.00000000075,-24.9999999998125,425.000000001313,200.00000000075
4.66666666667,1.66666666667,3.66666666667,3.66666666667,6.66666666667,2.66666666667,1.66666666667,1.66666666667,350.000000001125,125.000000000563,275.000000000938,275.000000000938,500.0000000015,200.00000000075,125.000000000563,125.000000000563
2.66666666667,2.66666666667,0.66666666667,2.66666666667,0.66666666667,2.66666666667,2.66666666667,1.66666666667,200.00000000075,200.00000000075,50.000000000375,200.00000000075,50.000000000375,200.00000000075,200.00000000075,125.000000000563
-0.06666666667,1.93333333333,6.93333333333,5.93333333333,3.93333333333,5.93333333333,5.93333333333,4.93333333333,-6.25000000029297,181.249999999121,649.999999997656,556.249999997949,368.749999998535,556.249999997949,556.249999997949,462.499999998242
5.066666666667,4.066666666667,5.066666666667,2.066666666667,3.066666666667,1.066666666667,2.066666666667,-0.933333333333,542.857142857372,435.714285714477,542.857142857372,221.428571428686,328.571428571582,114.285714285791,221.428571428686,-100
3.066666666667,7.066666666667,11.066666666667,3.066666666667,5.066666666667,5.066666666667,-0.933333333333,6.066666666667,328.571428571582,757.142857143163,1185.71428571474,328.571428571582,542.857142857372,542.857142857372,-100,650.000000000268
1.066666666667,4.066666666667,2.066666666667,4.066666666667,3.066666666667,4.066666666667,1.066666666667,1.066666666667,114.285714285791,435.714285714477,221.428571428686,435.714285714477,328.571428571582,435.714285714477,114.285714285791,114.285714285791
2.333333333333,3.333333333333,0.333333333333,3.333333333333,3.333333333333,3.333333333333,-0.666666666667,0.333333333333,349.999999999775,499.9999999997,49.999999999925,499.9999999997,499.9999999997,499.9999999997,-100,49.999999999925
4.333333333333,2.333333333333,3.333333333333,7.333333333333,2.333333333333,3.333333333333,8.333333333333,3.333333333333,649.999999999625,349.999999999775,499.9999999997,1099.9999999994,349.999999999775,499.9999999997,1249.99999999932,499.9999999997
2.466666666667,7.466666666667,4.466666666667,4.466666666667,1.466666666667,5.466666666667,9.466666666667,6.466666666667,462.500000000352,1400.00000000094,837.500000000586,837.500000000586,275.000000000234,1025.0000000007,1775.00000000117,1212.50000000082
6.6,1.6,9.6,2.6,1.6,3.6,4.6,2.6,1650,400,2400,650,400,900,1150,650
1.6,3.6,3.6,0.6,0.6,2.6,4.6,4.6,400,900,900,150,150,650,1150,1150
1.866666666667,0.866666666667,3.866666666667,2.866666666667,3.866666666667,1.866666666667,2.866666666667,2.866666666667,1400.00000000375,650.000000001875,2900.0000000075,2150.00000000563,2900.0000000075,1400.00000000375,2150.00000000563,2150.00000000563
4.866666666667,2.866666666667,2.866666666667,7.866666666667,5.866666666667,4.866666666667,3.866666666667,4.866666666667,3650.00000000938,2150.00000000563,2150.00000000563,5900.000000015,4400.00000001125,3650.00000000938,2900.0000000075,3650.00000000938
4,9,4,4,5,2,6,4,Inf,Inf,Inf,Inf,Inf,Inf,Inf,Inf
2,5,1,3,3,1,2,4,Inf,Inf,Inf,Inf,Inf,Inf,Inf,Inf
2,1,2,3,1,4,7,4,Inf,Inf,Inf,Inf,Inf,Inf,Inf,Inf
6,6,7,0,7,4,2,7,Inf,Inf,Inf,NA,Inf,Inf,Inf,Inf
3.6,1.6,3.6,4.6,2.6,2.6,0.6,2.6,900,400,900,1150,650,650,150,650
-0.4,5.6,1.6,2.6,4.6,2.6,3.6,3.6,-100,1400,400,650,1150,650,900,900
2.333333333333,1.333333333333,1.333333333333,1.333333333333,1.333333333333,2.333333333333,2.333333333333,1.333333333333,349.999999999775,199.99999999985,199.99999999985,199.99999999985,199.99999999985,349.999999999775,349.999999999775,199.99999999985
4.066666666667,3.066666666667,5.066666666667,7.066666666667,3.066666666667,8.066666666667,6.066666666667,2.066666666667,435.714285714477,328.571428571582,542.857142857372,757.142857143163,328.571428571582,864.285714286059,650.000000000268,221.428571428686
3.066666666667,4.066666666667,1.066666666667,3.066666666667,3.066666666667,3.066666666667,5.066666666667,4.066666666667,328.571428571582,435.714285714477,114.285714285791,328.571428571582,328.571428571582,328.571428571582,542.857142857372,435.714285714477
1.8,1.8,2.8,2.8,0.8,3.8,1.8,1.8,150,150,233.333333333333,233.333333333333,66.6666666666667,316.666666666667,150,150
-0.2,-1.2,0.8,0.8,-0.2,4.8,0.8,-1.2,-16.6666666666667,-100,66.6666666666667,66.6666666666667,-16.6666666666667,400,66.6666666666667,-100
1.8,6.8,0.8,3.8,1.8,4.8,5.8,6.8,150,566.666666666667,66.6666666666667,316.666666666667,150,400,483.333333333333,566.666666666667
7.8,1.8,1.8,1.8,3.8,3.8,0.8,3.8,650,150,150,150,316.666666666667,316.666666666667,66.6666666666667,316.666666666667
-1.46666666667,3.53333333333,0.53333333333,3.53333333333,0.53333333333,2.53333333333,1.53333333333,-0.46666666667,-100,240.909090908316,36.3636363633265,240.909090908316,36.3636363633265,172.727272726653,104.54545454499,-31.8181818183368
1.53333333333,-0.46666666667,1.53333333333,3.53333333333,1.53333333333,-0.46666666667,0.53333333333,4.53333333333,104.54545454499,-31.8181818183368,104.54545454499,240.909090908316,104.54545454499,-31.8181818183368,36.3636363633265,309.090909089979
3.53333333333,-0.46666666667,1.53333333333,0.53333333333,3.53333333333,5.53333333333,4.53333333333,1.53333333333,240.909090908316,-31.8181818183368,104.54545454499,36.3636363633265,240.909090908316,377.272727271643,309.090909089979,104.54545454499
3.53333333333,2.53333333333,0.53333333333,3.53333333333,3.53333333333,4.53333333333,3.53333333333,5.53333333333,240.909090908316,172.727272726653,36.3636363633265,240.909090908316,240.909090908316,309.090909089979,240.909090908316,377.272727271643
1.4,-0.6,-0.6,-0.6,0.4,1.4,-0.6,2.4,87.5,-37.5,-37.5,-37.5,25,87.5,-37.5,150
